1/0194;3211876.65329;-3766966.3516;4008333.98853
2/AB06;-1049128.14019;-3524499.75252;5194459.89105
3/AB07;-1214685.8238;-3425750.26167;5223662.69563
4/AB09;-546237.00186;-2583614.86889;5786501.68687
5/AB11;-693674.84928;-2658010.52959;5737338.44682
6/AB15;-1065249.52355;-2907528.33093;5557978.93571
7/AB21;-229767.97342;-3940203.78552;4993529.83666
8/AB42;-2143703.49853;-2457271.13004;5464033.76886
9/AB44;-2283770.84147;-2302043.52671;5474261.94392
10/AB50;-2386558.36055;-2348976.609;5410237.73272
11/ABD0;-5375919.58963;2920349.72683;1797114.63849
12/ABEB;-125904.0319;3466272.13552;5334662.5965
13/ABER;-125903.99557;3466272.07854;5334662.5565
14/ABMF;-5383744.96625;2919785.77803;1774604.84591
15/ABPO;4429119.16196;4097216.53167;-2065771.18392
16/AC02;-1518437.0217;-3138667.70325;5323007.44572
17/AC15;-1588436.59079;-2720900.3649;5527227.72631
18/AC21;-1276294.09315;-3347142.86074;5259665.6939
19/AC25;-1111544.36165;-3485880.61135;5207537.11495
20/AC27;-1424747.63069;-2942366.48771;5458729.45925
21/AC34;-1556427.95102;-3091813.37894;5339292.48543
22/AC38;-1530543.35324;-3048695.55773;5371187.29193
23/AC41;-1201659.18345;-3376013.37577;5259086.70655
24/AC45;-1534291.58449;-3171145.5922;5299706.816
25/AC67;-1577568.76418;-3020876.38992;5373643.58259
26/ACOR;-678367.45405;4594489.5601;4357066.27976
27/ACU6;-4503296.23875;1560586.28238;4224372.17552
28/ACYA;-6015416.41096;-1050180.61391;1835675.9533
29/ADE0;-5360157.48917;2960619.20833;1778271.82219
30/ADE1;3467075.3649;-3939182.80889;-3613219.87306
31/ADE2;3467075.35743;-3939182.79626;-3613219.86107
32/ADIS;3945922.82191;4913652.5848;995383.50143
33/ADKS;-5513496.76977;-539282.86918;3150287.16175
34/AGGO;-4449248.39514;2765120.87134;-3626403.69535
35/AHID;-4377138.72697;-1685815.73184;4310376.01894
36/AIRA;4118797.21623;-3530185.85481;3344036.72877
37/AIS1;-2737192.87117;-2430154.12369;5205816.49055
38/AIS5;-2737192.96021;-2430154.18068;5205816.62499
39/AJAC;723994.74586;4696989.24471;4239678.7125
40/ALAC;-42071.91485;5009051.02479;3935057.91229
41/ALBH;-3539049.53229;-2341333.09923;4745791.2593
42/ALBY;4629128.61684;-2441714.96693;-3633362.83017
43/ALDI;-5511274.92469;184948.55571;3194254.86105
44/ALEX;2723028.09172;4733388.47897;3284632.61283
45/ALGO;-4346071.32383;918129.14464;4561977.90909
46/ALIC;4212835.9832;-4052052.7012;-2545104.63202
47/ALME;-219278.25456;5105219.96128;3804387.31032
48/ALON;3084589.95538;4470257.85403;3332953.0447
49/ALRT;-740382.46224;388042.38846;6302001.97461
50/ALX2;2723028.12785;4733388.58632;3284632.5499
51/AMBA;1312326.04996;-6008441.37939;-1684914.69372
52/AMBL;71494.73997;4119296.05549;4852820.46387
53/AMC2;-4819428.20273;-1248596.40298;3976505.92568
54/AMC4;-4819428.1919;-1248596.40032;3976505.9147
55/AMMN;3172638.33261;4386124.07029;3363685.48295
56/AMU2;-187.46101;40.81218;-6359569.52729
57/ANA1;-4612420.1071;-2595092.60413;3547839.05266
58/ANDE;627617.02337;2169480.64645;5944952.38243
59/ANDO;624248.34772;2175765.6316;5943417.87907
60/ANG1;-5541064.73662;-532087.21192;3103079.19829
61/ANG5;-5541064.81142;-532087.20785;3103079.25549
62/ANKR;2652187.8686;4121948.402;4069023.86099
63/ANP1;-4827706.76922;1149298.31018;3993217.26059
64/ANP5;-4827706.89063;1149298.34611;3993217.37536
65/ANTC;-4816370.11042;1608539.03688;-3847798.27337
66/ANTO;-5494331.67568;-828648.75638;3121536.63464
67/AOA1;-4628773.22274;-2547880.55664;3561050.24865
68/AOML;-5664607.22351;982296.57688;2752614.53033
69/AQUI;1089876.61584;4592507.30664;4276393.06825
70/AREG;-5804077.15814;1942816.41185;-1796884.35735
71/AREQ;-5804070.25645;1942826.52467;-1796893.97147
72/AREV;-5804070.26513;1942826.52563;-1796893.97312
73/ARGI;-354651.45212;2981489.63287;5608475.07507
74/ARP3;-5601311.78874;-693606.28658;2960668.88417
75/ARP7;-5601311.96186;-693606.30226;2960669.0188
76/ARTU;3016203.23788;1843956.37618;5291261.78535
77/ARUC;3390432.75264;3500416.64174;4103027.65017
78/ASC1;-1572344.81438;6118526.04565;-876450.91285
79/ASCG;-1563978.94119;6121151.58109;-872615.30949
80/ASHV;-5148653.63849;673609.40465;3692529.5558
81/ASKY;-1341717.00062;830041.49487;6159913.04068
82/ASPA;-996502.68775;-6100260.24677;-1567977.30474
83/ATL1;-5273284.75377;505864.77586;3540689.72554
84/ATW2;-1560592.93052;-2610899.44124;5587416.74087
85/ATWC;-1560570.95387;-2610867.10938;5587439.08422
86/AUCK;461563.9976;-5105681.51141;-3782181.02902
87/AUKT;465799.89558;-5089169.35586;-3803554.70627
88/AUS5;-5460644.43389;-743774.55005;3200347.61974
89/AUT0;-5456322.88806;-741133.49134;3208395.31856
90/AUT1;1896167.16897;4466283.21799;4126096.84208
91/AUTF;-3420458.01249;1360919.03666;-5191175.13717
92/AV02;-1458858.17804;-2916881.79161;5463145.41082
93/AV04;-1456916.89861;-2915070.69743;5465417.44709
94/AV06;-920656.47683;-3629267.3497;5146731.13176
95/AV07;-903030.32114;-3632263.02643;5147805.32346
96/AV08;-904272.32046;-3634477.50441;5146131.34504
97/AV09;-877055.31061;-3664985.79189;5128680.60591
98/AV10;-911075.78377;-3636212.91694;5143389.16294
99/AV12;-910896.39734;-3625773.52403;5150828.55028
100/AV13;-912161.60373;-3630881.79531;5147141.60766
101/AV14;-916465.81325;-3632918.98614;5144832.32383
102/AV15;-925223.59942;-3632475.71844;5143661.44147
103/AVUN;1372221.52984;-5988232.91181;-1708802.88431
104/AZCN;-4864405.87476;-1572188.35854;3804296.06722
105/AZCO;-5124370.40452;-1857944.37727;3303748.52779
106/AZGB;-4984856.3767;-1890728.09819;3491254.53343
107/AZRY;-4758051.87496;-2385740.69349;3504739.13531
108/AZU1;-4671337.71236;-2472979.78107;3558107.90182
109/BADG;3865777.32696;-838282.04474;4987624.57806
110/BAHR;4425275.67354;3633908.33545;2799861.87094
111/BAIE;-3879765.20001;1546823.07759;4804185.16646
112/BAKE;-2756501.16179;-289834.27127;5725162.37495
113/BAKO;6065616.91299;-1836969.44507;-716257.89389
114/BAKU;3717508.11139;3139934.80938;4109617.01766
115/BAMF;-3439856.12308;-2420721.41269;4778532.73735
116/BAN2;6068610.2817;1344087.01406;1429292.44259
117/BAR1;-4656252.46074;-2584163.39656;3498534.44638
118/BARH;-4239067.59175;1693644.61961;4439567.31166
119/BAY1;-1084760.1346;-3484297.52932;5213545.46787
120/BAY2;-1084780.16172;-3484277.25063;5213554.81559
121/BAYR;-4611778.14584;493529.83177;4363728.86801
122/BBDM;-4553579.33334;-2627052.17709;3599919.43626
123/BBRY;-4708013.92804;-2386884.18874;3571866.76346
124/BCOV;-3250219.00365;-2435249.48781;4901513.05722
125/BDOS;-5359714.67605;3143382.33655;1434875.98867
126/BEA2;257646.77075;4701531.58077;4288042.78524
127/BEA5;-5504581.21727;-402271.60478;3185880.72755
128/BEAR;257646.74949;4701531.58648;4288042.78393
129/BELE;-4772752.12399;4228138.97256;-155761.12501
130/BELL;116814.63964;4775849.23677;4213019.14203
131/BHR1;4425275.67566;3633908.33157;2799861.87343
132/BHR2;4425275.67825;3633908.33881;2799861.87799
133/BHR3;4425277.87262;3633910.17113;2799863.27549
134/BHR4;4425277.87274;3633910.17126;2799863.27603
135/BIAZ;-124344.98414;4634456.0571;4365785.4538
136/BIK0;4513917.41148;1249005.16141;4316147.97589
137/BILB;559721.79605;-2323081.01749;5894110.87959
138/BILI;560096.78902;-2321893.37179;5894691.68523
139/BILL;-4737131.20817;-2420420.89796;3507827.80133
140/BIN1;5857731.59924;-2497850.25446;358111.86396
141/BINT;5858781.41414;-2495021.83363;360450.49649
142/BIS1;-2448390.81084;-2494921.37558;5317113.51275
143/BIS2;4513917.42779;1249005.14117;4316147.99652
144/BIS5;-2448390.91416;-2494921.52244;5317113.65476
145/BISK;1223993.59216;3898945.70592;4881826.5791
146/BJCO;270973.75296;6333076.44468;704552.25362
147/BJFS;4426641.17753;-2148744.52343;4044655.82046
148/BJNM;4373439.98599;-2154287.75667;4098885.59908
149/BJSA;219736.4392;6313921.11001;873891.67986
150/BLKV;-5015664.75502;847028.10699;3835994.95962
151/BLUF;891113.47235;-4300030.81587;-4610274.44127
152/BLYT;-4830299.79001;-2223206.91793;3510587.51499
153/BMHG;-132082.29853;4134869.30431;4838513.98088
154/BMPD;-4881116.00298;2300224.37923;3389261.63871
155/BNDY;2688801.25319;-5125977.50343;-2669890.25591
156/BOAV;-5555487.86851;3117452.15934;314480.97629
157/BOGI;1397454.33752;3633815.08654;5035281.11125
158/BOGO;1397434.3447;3633738.71399;5035353.59525
159/BOGT;-6116037.01307;1744398.87437;512731.89277
160/BOMJ;-4268322.42471;4510195.81382;-1453035.05839
161/BOR1;1148173.93018;3738358.21467;5021815.89051
162/BORJ;440564.45936;3769402.78132;5109099.20646
163/BORK;446054.68304;3770134.30178;5108091.24086
164/BRAN;-4651653.79496;-2502255.09466;3563569.41258
165/BRAZ;-4550641.63654;4115014.0683;-1741443.78567
166/BREW;-3705351.82477;-2112007.35401;4726827.04196
167/BRFT;-3954993.47354;4985393.49786;-428426.52588
168/BRIB;-4265460.16646;-2681173.5648;3898551.9735
169/BRIP;576390.07494;-1460943.96577;-6163202.52473
170/BRMU;-4874817.17165;2304703.28392;3395187.05075
171/BRO1;5134028.82803;-3234208.11498;-1958815.2298
172/BRST;-332746.43252;4231162.4333;4745131.09251
173/BRU1;-4324849.9696;1578684.80926;4399278.25231
174/BRUS;307046.06834;4027893.55792;4919475.27108
175/BRUX;306998.72995;4027881.39467;4919499.02109
176/BSAT;6266681.47298;-1137103.86767;-340044.10512
177/BSHM;3080707.23443;4395951.17221;3433498.26915
178/BSMK;-4294897.4605;-820592.45228;4628582.30642
179/BUCU;2007794.05119;4093760.62981;4445130.11446
180/BUDP;778956.60912;3513638.03242;5248216.56313
181/BUE1;-4483636.66003;2745499.08705;-3599054.3689
182/BUE2;-4483636.66972;2745499.10305;-3599054.36914
183/BUEN;-6200818.14499;1430383.91808;428934.17325
184/BUR2;2699532.91802;-3989420.88175;-4166619.80788
185/BYSP;-5537375.9381;2446754.59231;2001281.2688
186/BZRG;864634.91017;4312657.27547;4603844.60681
187/CABA;-6256557.67112;509597.01335;1126154.79622
188/CABL;-3857584.2328;-2657528.54265;4314193.28731
189/CACC;-3942470.18133;-2677721.2276;4224548.59682
190/CAGL;772650.06247;4893378.62806;4004182.33535
191/CAGS;-4335060.65598;1096348.829;4533255.26185
192/CAGZ;772650.75505;4893379.78203;4004180.20587
193/CALL;-6081996.20268;1387454.38897;-1324212.08079
194/CAM2;-6001449.55573;-56581.44735;2151509.14627
195/CAMP;726403.01978;4697280.56637;4238892.01172
196/CANT;-307096.24106;4625924.31279;4365771.55486
197/CARR;-4460941.06015;-2620447.68693;3718443.0662
198/CART;-6075293.42663;1567348.75163;1142850.9549
199/CAS1;2409383.23068;-901776.13387;-5816748.52343
200/CASA;-4428687.47566;-2444430.73042;3875747.3028
201/CASC;-815725.93502;4917536.8344;3965857.56972
202/CASL;-5154173.86931;1107274.97995;3578066.66326
203/CAT1;-4682554.93631;-2540622.60829;3495319.59821
204/CAT2;-4696708.203;-2532494.1156;3483154.49072
205/CATA;-5117329.08178;2302597.66975;-3022751.17921
206/CAUQ;-4924649.67589;1567774.19052;-3725454.79828
207/CAYA;-6001968.26662;-1087199.16561;1857974.59299
208/CAYN;-5028557.68555;3885112.80432;546544.48606
209/CCJ2;3483895.00558;-4490605.15628;2884928.31557
210/CCJM;3483903.43135;-4488925.38625;2887743.42368
211/CCV1;-5535327.81267;921997.60132;3021401.20008
212/CCV3;-5535343.01791;921806.97759;3021430.78074
213/CCV6;-5535361.19287;921785.63768;3021404.55718
214/CEBR;-370195.01813;4846664.84511;4116929.64059
215/CEDU;3912741.02716;-3753473.15992;-3347959.73937
216/CEFE;-3871935.89513;4562488.50271;-2200001.34373
217/CENA;-1533690.88093;-2164317.37205;5781222.43436
218/CEU1;-478414.49943;5150907.68705;3718518.65766
219/CEUT;-478834.15128;5150601.66188;3718885.05485
220/CFAG;-5050165.69117;2016584.95522;-3323308.63398
221/CGGN;995277.4294;6201032.21858;1113815.6843
222/CHA1;-5284901.51203;946821.48437;3431363.15826
223/CHAB;-4278240.47546;-2685745.27899;3881399.59046
224/CHAC;-4854358.59967;2921442.75;-2919683.23471
225/CHAN;3757143.10162;-2674427.6207;4391521.54984
226/CHAT;-275482.13374;-4590671.46952;-4404596.23907
227/CHB1;-4445226.42701;430716.5967;4538513.99232
228/CHET;-6048080.68677;179584.662;2010447.36471
229/CHI1;-1745165.42697;-2651411.5257;5513732.23364
230/CHIL;-4655348.79159;-2478003.64557;3577932.39815
231/CHIN;-5745621.92636;827227.08713;2633858.1338
232/CHIZ;-31505.78234;4427603.07282;4575621.96505
233/CHL1;-4811189.01288;1281265.38326;3973020.94481
234/CHOF;3366689.44667;-3946217.14539;3698971.76047
235/CHPG;-4163821.99388;4163476.68754;-2444511.09516
236/CHPI;-4162456.97436;4164613.8997;-2445028.64317
237/CHR1;-4953339.52443;1234421.1885;3810911.12848
238/CHT1;-4482177.32389;1635805.75032;4218387.59201
239/CHTI;-272375.38579;-4607856.20203;-4386954.19486
240/CHUM;4508079.99161;1228950.40951;4327868.5337
241/CHUR;-3307616.94621;-236439.12908;5430049.33015
242/CHWK;-3543996.85479;-2215260.03511;4802098.65451
243/CIC1;-4845044.47976;-2433177.5363;3348296.10315
244/CICE;-4844962.60314;-2433308.15856;3348363.62242
245/CIRX;-4626791.82155;-2558057.7292;3556788.49961
246/CIT1;-4660802.97776;-2491490.57865;3559129.11688
247/CKIS;-2054142.77753;-5583182.62607;-2292166.23767
248/CLAR;-4680467.2073;-2458218.77297;3556758.59633
249/CLEV;2546205.66268;-5055209.72715;-2930071.02344
250/CLGO;-1444753.27605;-2299609.80977;5751925.71521
251/CLRK;-865928.98629;-1103320.98438;-6202179.3782
252/CMBB;-4339616.0361;-2544616.90262;3908860.70649
253/CMBL;480469.87108;-4741518.28749;-4225018.07874
254/CME1;-4011270.14618;-2746197.35731;4115639.57461
255/CMP9;-4637174.54178;-2508506.46603;3579500.05683
256/CN12;-5906361.35978;1390866.66404;1958908.79769
257/CN15;-5598187.42073;1119330.91968;2834348.92079
258/CN37;-6059929.02154;1593956.21214;1186476.31034
259/CNC0;-5940950.75701;329976.78985;2289437.25155
260/CNCL;814058.67003;-4549790.69339;-4382184.55243
261/CNMR;3465029.03848;-5087757.72095;1664653.86262
262/CNNS;565489.82679;4595116.12927;4372420.64507
263/CNR1;-6199034.03067;76928.48742;1497796.94439
264/COCO;6190961.70829;-741951.02265;-1337767.44616
265/COLA;-5224934.07587;816177.6622;3553937.04695
266/COLB;-4859703.35003;592756.16221;4074680.95306
267/CONT;-4887961.59073;1492030.04973;-3803553.9171
268/CONZ;-4887911.16212;1492005.03906;-3803640.13106
269/COPO;-5337379.01834;1907041.07492;-2916334.59202
270/COPR;-4567199.4585;-2624085.39837;3584495.9958
271/CORB;-4897238.42544;1097041.1064;3923126.29101
272/CORC;-5601556.91961;-731659.21203;2951108.06345
273/CORD;-4910842.91464;2345503.8533;-3316365.2302
274/CORV;-3802819.91424;-2498423.41798;4454736.71352
275/CORX;-4791498.98525;-2467592.30304;3399444.41716
276/COSO;-4571430.10313;-2411148.42442;3727461.4507
277/COT1;-5043635.25015;-1933230.64325;3381904.05272
278/COUD;166529.24702;4016631.22901;4935195.13228
279/COVX;-4948417.27483;1260167.48506;3808934.83752
280/COYQ;-4255574.55922;1391587.23105;-4527925.8464
281/CPVG;-2380932.36874;5626883.45752;1824483.98527
282/CPXF;-3696442.61681;-2332869.78535;4630011.53867
283/CRAO;2551404.63053;3783896.81395;4441264.4029
284/CRAR;310589.98122;-1310643.4751;-6213367.87018
285/CREU;273178.0542;4715420.13311;4271946.83881
286/CRFP;-4710490.20318;-2410447.05075;3550422.56052
287/CRHS;-4671388.18868;-2512420.44851;3530186.66485
288/CRO1;-5488076.56836;2607771.32847;1932767.9583
289/CRRS;-4819509.27436;-2323104.80022;3460404.4252
290/CRU1;-4592932.88345;-2628781.32675;3549529.95681
291/CSAR;3080364.88084;4417211.20047;3406244.42447
292/CSCI;-4618739.63776;-2564318.97295;3561957.46956
293/CSDH;-4670036.11743;-2510006.98208;3533693.0065
294/CSN1;-4637081.93094;-2520226.37484;3569875.60583
295/CSST;-4590803.63988;-2583751.26793;3583976.80182
296/CT3B;75611.64783;4123056.69979;4849645.24286
297/CTGR;-4562612.67966;1478106.73568;4190441.86575
298/CTPU;-4518935.35483;1477963.73679;4237355.69433
299/CTWN;1677795.80199;5023564.45937;-3542025.80776
300/CUCU;-6025504.25519;1901228.73607;870700.66622
301/CUIB;-5099641.64804;3430711.38763;-1699432.70269
302/CUPR;-5502313.54571;2532816.13386;1990709.23625
303/CUSV;6092528.5336;-1132914.96244;1504633.18087
304/CUT0;4870285.77124;-2364337.64675;-3360809.54539
305/CZTG;3463392.64492;2719994.80308;-4598612.93973
306/DA60;4016274.37277;4774314.80557;1324730.46682
307/DAEJ;4084614.68284;-3120042.38809;3764026.7889
308/DAKA;-1852122.85529;5886683.13188;1606372.47516
309/DAKR;-1849181.45411;5886533.48669;1610300.56027
310/DAM1;-4638444.07437;-2507721.78249;3577430.29152
311/DAM2;-4638419.02588;-2507656.23909;3577506.7592
312/DANE;-597385.16014;1623660.27149;6118614.76499
313/DARM;4709437.59506;-4078219.58882;-1363263.86698
314/DARR;4684606.43904;-4091359.57669;-1408579.17982
315/DARW;4684606.4328;-4091359.58173;-1408579.17405
316/DAV1;2285099.17561;486854.58317;-5914955.70831
317/DAVR;2285099.18116;486854.57955;-5914955.70155
318/DEAR;2233215.00062;5017617.3168;-3234696.02649
319/DENT;238851.34464;4020711.27425;4928949.78248
320/DESC;-4795856.25633;-2405963.94317;3438643.09933
321/DET1;-4690674.66791;568024.42512;4270188.85931
322/DEVI;293442.15326;-901894.42084;-6286147.6016
323/DGAR;6029977.70846;1916268.80684;-801719.44299
324/DGAV;6029977.70605;1916268.80479;-801719.44422
325/DGLG;164574.34405;4019246.85619;4933144.56262
326/DHLG;-4799846.37937;-2319099.55199;3490090.42599
327/DIPL;-153115.12998;4224046.18255;4760605.57548
328/DJIG;4250982.63843;4583085.96273;1266243.18749
329/DJOU;182337.72959;6285506.17651;1066767.82968
330/DKSG;-1329176.77541;716356.14448;6176684.93913
331/DNRC;-4794885.55902;1237934.70039;4006103.59917
332/DOAR;-6014377.71763;-1022735.20134;1855135.29318
333/DOUR;328452.22566;4086777.94685;4869782.77299
334/DRAG;3149432.28574;4432980.36827;3322110.72471
335/DRAO;-3621108.40312;-2059165.00932;4814432.23098
336/DRES;954013.61835;3904724.46781;4935790.11783
337/DSD0;-5358904.5332;2962423.87033;1779984.08205
338/DSEA;3165994.39923;4460124.05605;3269215.17651
339/DSL1;-1125781.26723;-1835148.39116;5983677.21428
340/DSME;-4758321.52111;-2450648.26381;3457381.53454
341/DUBO;-4064529.83945;-417603.942;4881432.13661
342/DUBR;1460594.71976;4465939.77769;4299291.60207
343/DUCK;-4995511.52973;1268586.86446;3744508.62049
344/DUM1;1628483.07927;-1940883.71867;-5833718.11998
345/DUND;726671.95717;-4388120.76016;-4556533.15891
346/DUNT;725060.84023;-4393729.11603;-4550896.07719
347/DUPT;-2421954.70451;1243812.79165;-5748525.35081
348/DVAO;5146129.09253;-3686015.17566;780034.316
349/DVIL;1245012.33171;-5948199.93094;-1930100.19295
350/DVTG;92599.31056;4011083.50242;4941592.06731
351/DWH1;-3638690.37235;-2280790.55099;4700113.71065
352/DYNG;2039434.16742;4595220.02169;3912625.91106
353/EBRE;41537.38484;4833519.99681;4147461.72172
354/ECSD;-4585578.65086;-531705.7991;4387066.86581
355/EDIN;-205860.19417;3575928.03217;5259853.50163
356/EDOC;-1131997.26462;-1834183.15848;5982811.90167
357/EIIV;1318070.97656;4891068.08457;3862816.09546
358/EIL1;-1484805.13927;-2296298.82307;5743079.87017
359/EIL2;-1484805.13734;-2296298.82149;5743079.86042
360/EIL3;-1484805.97348;-2296304.38484;5743078.23829
361/EIL4;-1484805.974;-2296304.38536;5743078.23833
362/EISL;-5357596.27148;-1884950.30821;-2892890.60753
363/EKY1;-5611260.96692;712815.02508;2937327.40232
364/ELAT;3180067.54253;4555028.33782;3123164.70957
365/ELEN;-6103995.02179;14103.66856;1843981.75122
366/ELIZ;-3284087.12775;-2485778.41405;4853826.80181
367/ELRO;3124003.92853;4336217.98468;3471463.4919
368/ENG1;-5534933.92976;5629.04715;3158737.76829
369/EPRT;-4164839.47133;1768544.32458;4480190.48629
370/EQHE;110781.05997;4048143.93657;4911158.88815
371/ERLA;-4939929.9682;466446.68661;3994478.62636
372/ESBC;532590.15896;3582104.7824;5232755.121
373/ESBH;531971.35732;3585278.7683;5230646.65257
374/ESCO;79978.76453;4696264.78649;4304245.16029
375/ESCU;-3937498.77587;1852954.28837;4647314.72875
376/ESPA;4500734.28344;-2800842.30966;-3534898.23867
377/ESPI;1359712.95491;-5980894.19373;-1743951.22537
378/ESTI;-6201541.41075;394283.72416;1436326.01259
379/ETAD;3945765.11593;4914067.60548;993707.70742
380/EUR2;-1109590.58657;78804.45932;6259357.13701
381/EURK;-1109638.25003;78762.40141;6259345.87179
382/EUSK;477011.32325;4022106.01975;4910840.88562
383/EXU0;-5672506.88793;1427634.9461;2534091.74143
384/EYAC;-1769513.48685;-2598865.31082;5530917.83103
385/EZEV;601888.68294;4573470.57604;4390081.98127
386/FAA1;-3076866.45658;-5247393.59662;-1911521.04757
387/FAIR;-1453595.90498;-2281621.91674;5756961.68783
388/FAIV;-1453617.94936;-2281592.98382;5756973.38149
389/FALE;-862144.03964;-6134112.13961;-1514973.88737
390/FALK;-3355170.74518;2106811.39453;-4981786.23308
391/FARB;-4237792.90389;-2752136.14619;3878892.934
392/FERR;-99064.53972;4544321.30998;4459516.70514
393/FFE0;-5384223.27017;2921890.80876;1769851.055
394/FFMJ;617729.89746;4053455.67001;4869395.86071
395/FG02;-1848476.89944;5888298.92157;1604751.43757
396/FG07;747733.15146;6334077.68842;37337.63915
397/FG08;1471656.85177;5689022.10908;-2471670.78952
398/FGST;-4544559.82712;-2624795.59083;3614079.8698
399/FIE0;307488.6573;-1501097.33865;-6170747.91881
400/FLF1;-5674030.51569;961107.17967;2740689.24239
401/FLIN;-3611375.37012;-766174.82994;5184056.20913
402/FLIU;-5667249.23185;961232.77962;2754602.18662
403/FLM5;466427.97284;-1300637.66449;-6207707.94408
404/FLRS;-2549242.3255;4221529.91927;4031398.42644
405/FMC1;-5108440.75428;1209173.18855;3610308.56919
406/FMC2;-5108414.59728;1209159.07162;3610318.50815
407/FMTS;-4478988.70133;1503699.63469;4270342.60957
408/FNA0;-5397030.96255;2920359.69048;1733484.36036
409/FORT;-3954998.67523;4985386.58623;-428426.2
410/FOYL;-468414.43144;3638083.09968;5200402.6687
411/FRDN;-4080068.01577;1760542.52763;4560178.63522
412/FREE;-5596851.4575;1088671.04253;2848798.45108
413/FREI;-2556505.58359;1537288.05446;-5618702.30637
414/FREO;-4821816.05712;741472.46553;4095290.2609
415/FTNA;-202694.57293;-6178322.50635;-1566024.23167
416/FTP4;368220.42485;-1172461.23803;-6237888.27412
417/FTS1;-3667814.99573;-2469885.27885;4581028.25372
418/FTS5;-3667815.08992;-2469885.32767;4581028.37221
419/FUNC;-1563412.5208;5143339.21146;3421191.77521
420/FVPK;-4694868.95111;-2489553.72661;3515327.61854
421/GAIA;-718818.35537;4759095.33082;4171491.54398
422/GAIT;-4831326.60393;1095789.89497;4003934.3411
423/GAL1;-5545997.49894;-459551.41865;3105820.45111
424/GALA;-6377522.6285;-33794.97989;-82120.6538
425/GAMB;-4152221.86516;-4147127.18858;-2490032.90538
426/GANP;1455236.95357;3929181.28903;4793654.03698
427/GAO1;-642.21751;6125143.05495;1773609.42837
428/GARI;963867.35617;4439513.56539;4461921.68106
429/GASK;-5348441.84641;844918.45734;3359250.97231
430/GCGT;-5954125.66969;902661.55931;2093986.04003
431/GENO;707621.74367;4507892.11445;4441603.66855
432/GESR;765504.35824;3625387.07991;5174102.81761
433/GETI;6199766.5249;-1329733.76734;687129.498
434/GIBR;-482118.63496;5133765.62532;3741507.85182
435/GILB;3121346.41535;4389486.55004;3405662.81123
436/GISB;184022.27011;-4985376.39005;-3960829.88119
437/GLPS;-6377516.51486;-33800.94251;-82154.2384
438/GLPT;-4942863.93509;1186725.95562;3839372.55238
439/GLRS;-4816937.88947;-2299767.61835;3479453.43597
440/GLSV;2068980.08633;3512888.68001;4888903.30956
441/GMAS;-1522134.71833;5439112.50672;2953556.38377
442/GMPK;-4857246.41786;-2247176.86972;3459031.1655
443/GMSD;4147867.90452;-3607665.47933;3223716.96035
444/GNAA;-1674067.15369;-2479126.68743;5614917.47852
445/GOBS;-3823181.38528;-2280401.19274;4553230.19362
446/GODE;-4831253.56887;1130773.5315;3994200.4571
447/GODN;-4831298.67662;1130760.76374;3994155.1944
448/GODS;-4831349.10529;1130752.19802;3994098.95115
449/GODZ;-4831253.571;1130773.5313;3994200.45731
450/GOL2;-4641385.25332;-2353614.53806;3676976.35908
451/GOLD;-4641385.25281;-2353614.5379;3676976.35872
452/GOP7;1050312.37769;3979319.0898;4857064.70757
453/GOPE;1050312.70819;3979315.89521;4857067.24223
454/GOSH;-4422567.14252;-1985697.40709;4133199.40717
455/GOUG;-835299.11804;4795578.87411;-4107633.73972
456/GRAC;556132.89667;4581708.15466;4389341.43602
457/GRAS;556115.10212;4581690.70529;4389360.95565
458/GRAZ;1162702.94581;4194423.57474;4647245.55963
459/GRIS;-5568493.91269;4149.60512;3099600.27928
460/GROI;-263399.11596;4296718.2937;4690668.48773
461/GUAM;3568363.62974;-5071312.6624;1488904.40165
462/GUAO;4631946.8999;228378.54935;4367028.55627
463/GUAT;-6174978.6388;-56063.54067;1596665.2926
464/GUAX;-4921545.76325;-2648837.01046;3062675.57463
465/GUIP;-326080.01199;4226392.58615;4749929.53258
466/GUS2;-2338784.04035;-2396394.49642;5410268.05671
467/GUUG;3576460.28897;-5070465.15866;1472093.83448
468/GWEN;-3806506.81186;-2316901.35932;4548956.33235
469/HALY;3285418.78832;4505446.91427;3087773.72266
470/HAMD;3926741.53158;3469897.64088;3626961.42754
471/HAMM;-5499419.36625;-44885.30352;3219506.3768
472/HARB;2670325.39572;5084657.63271;-2768480.926
473/HARK;2670366.68685;5084625.32168;-2768494.17474
474/HART;2670366.60976;5084625.2647;-2768494.13091
475/HARV;-4527083.50755;-2686069.91018;3589502.69401
476/HBCO;-4672980.23418;-2514646.82987;3526511.16728
477/HBRK;-4971311.19955;-636268.8209;3932291.49283
478/HEAU;-128560.43912;4141610.35901;4832822.1007
479/HELG;513804.09446;3706066.96969;5148174.59733
480/HELJ;513804.09252;3706066.97421;5148174.61674
481/HER2;-5208674.51143;-1996004.12728;3082959.48333
482/HERS;23673.12331;4033469.91111;4924301.44727
483/HERT;23538.03551;4033460.73699;4924318.39997
484/HFLK;855576.00067;4248504.82528;4667172.45227
485/HIL1;4886093.18562;-2355572.07671;-3343993.69583
486/HILO;-2533416.35456;-5446002.00865;2138468.80104
487/HILR;-2533750.36281;-5445922.12454;2138282.2405
488/HIPT;-5090143.27029;896283.82046;3725268.41992
489/HIRS;593115.7796;3374902.81956;5361509.6293
490/HJOR;-1883254.19149;2155177.24873;5681671.60532
491/HKLO;-5159629.73434;-529863.78289;3699768.33656
492/HKSC;5386768.75854;-2414267.56797;2407459.82251
493/HKSL;5393860.95602;-2393383.04831;2412592.19055
494/HKWS;5374285.45699;-2430579.63927;2418956.10972
495/HLFX;-4069070.51514;2018905.53836;4462415.49705
496/HNIS;3834778.79927;-4960946.60084;-1164513.3891
497/HNLC;-2240048.64766;-5506798.90355;2302720.87046
498/HNPT;-4846358.488;1196626.12732;3956723.14023
499/HNUS;1734085.60384;4973168.86182;-3585433.97313
500/HOB2;2522415.35857;-3950072.2192;-4311637.4438
501/HOBU;698635.66087;3778219.56558;5074054.35037
502/HOE2;532050.77744;3650022.45905;5185984.61126
503/HOFN;-727950.99733;2679689.93399;5722789.55018
504/HOKI;735523.29965;-4635697.56141;-4304158.03863
505/HOL2;656626.19037;3665228.87652;5161071.88208
506/HOLB;-3188233.33003;-2503040.74414;4908701.42682
507/HOLC;-4655991.86076;-2459518.48973;3589168.93653
508/HOLM;-1867623.69561;-983072.28817;5998639.53434
509/HOLP;-4670472.59277;-2500946.43548;3539500.67542
510/HOLT;656661.71229;3665189.11941;5161097.98508
511/HOLY;-309027.54351;3805896.03651;5091799.89508
512/HOPB;-4159579.04549;-2708982.24315;3992123.93115
513/HORN;792727.51601;-4544702.77027;-4390925.21203
514/HOUE;-5400653.39988;2907579.9861;1744663.00099
515/HOUS;-5515561.9968;-524578.83084;3149180.48011
516/HRAG;2668226.56413;5085418.03507;-2768758.00934
517/HRAO;2668396.11232;5085352.44043;-2768731.30357
518/HRM1;-89238.78943;3981776.35212;4965284.77431
519/HUEG;567043.74999;4251963.32656;4704708.66778
520/HUEL;-612885.08636;5049612.86709;3835144.28572
521/HUTB;6263635.50112;-277026.06909;1166568.60039
522/HVLK;-4992906.75129;-800338.50184;3875267.24079
523/HYDE;5966805.98722;1208443.98393;1897077.35117
524/IBIZ;125663.37892;4967979.38842;3984693.02091
525/ICAM;-6001113.47772;-55248.70872;2152446.17276
526/IDDR;-4306563.91689;-1662651.85957;4389045.25957
527/IENG;600431.69741;4476537.21739;4488761.49391
528/IFRN;-473973.4139;5301924.14465;3504943.47141
529/IGM1;-4479879.39695;2751804.06559;-3598922.388
530/IID2;-4867570.06325;-2273075.52823;3426589.20041
531/IISC;6070317.1219;1337935.84369;1427877.26823
532/IJMU;309346.65819;3882052.80283;5034330.56699
533/ILDX;-91137.85799;4436670.86775;4566018.23091
534/ILHA;-4669666.4752;3735306.3458;-2212269.24872
535/IMBT;-4221851.19286;3714771.55953;-2999473.71054
536/IMPZ;-4680884.98632;4289656.37419;-606347.08541
537/INEG;-5788546.76013;-1260435.70691;2360339.86843
538/INVK;-1714393.08268;-1628432.39138;5903844.6016
539/IPAZ;-5460589.73655;-2023265.6532;2592968.37788
540/IQAL;-2631455.59466;1036000.84108;5697819.74906
541/IQQE;-5629172.46301;2034208.31894;-2196141.66917
542/IQUI;-6095126.82453;1832254.62759;-416285.3371
543/IRKJ;3794426.50517;-968328.94746;5018167.20216
544/IRKM;3794425.39562;-968332.76336;5018167.68285
545/IRKT;3794425.39543;-968332.76435;5018167.68212
546/ISBA;3734430.21104;3808364.568;3485693.70828
547/ISCO;-6340127.24136;326077.68058;612126.10016
548/ISKU;3860668.67108;3753237.88536;3407514.53519
549/ISPA;-5359979.98832;-1881702.76129;-2890599.31015
550/ISTA;2334850.47065;4208830.05554;4171267.39991
551/JAB1;4559929.23858;-4236443.53454;-1388623.3474
552/JAB2;4559859.3636;-4236472.92787;-1388764.09691
553/JAMA;-5909148.97523;1388059.87065;1951963.99904
554/JAS1;-4780690.9359;-2434631.68046;3437990.73181
555/JASK;4866406.25865;3068823.00471;2744101.8966
556/JCT1;-5421681.39234;-936591.88526;3216577.33883
557/JFNG;5004706.46449;-2279829.05734;3219777.39834
558/JIZN;4097166.43339;4533845.0662;1820976.44027
559/JOEN;1486149.95746;2564138.83002;5628951.57087
560/JOG2;5924895.49938;-2200208.07587;-855929.22654
561/JOZ2;1409190.80761;3664880.31863;5009618.59683
562/JOZE;1409154.0768;3664939.90275;5009571.49789
563/JPLM;-4655214.91749;-2493304.84172;3565497.62022
564/JPLV;-4655308.93502;-2493467.18124;3565171.6737
565/JSLM;3129141.95972;4435437.90625;3339301.29318
566/JTNT;-5256048.41094;-1019496.93891;3455931.2499
567/JUML;6228176.79899;-1352964.20511;244504.2701
568/JXVL;-5443614.42654;793993.20128;3216720.00053
569/KABR;3081551.7745;4377282.76341;3456137.12418
570/KARA;821276.27537;-4553134.84066;-4377656.48937
571/KARL;613138.30613;4146524.16352;4791517.32635
572/KARR;5303935.10507;-2713833.23191;-2269513.79904
573/KAT1;4581462.59439;-4147413.78557;-1573359.12895
574/KAT2;4581537.00239;-4147369.47777;-1573259.66316
575/KATC;2409322.17244;4573403.38463;3723878.43593
576/KATO;1332823.11389;3862991.81234;4881105.74153
577/KATZ;3124004.89689;4349388.86514;3453705.69259
578/KAYT;5307363.00021;-3186179.30028;1531588.15386
579/KELS;-3718715.95562;-2405383.49216;4574351.07723
580/KELY;-1941827.99701;1575558.81858;5848076.62283
581/KEN1;-1501544.55236;-2748339.33965;5537749.35099
582/KEN5;-1501544.61712;-2748339.42382;5537749.46635
583/KERG;3918161.08364;1406337.1905;-4816167.3784
584/KETG;3917164.81298;1408881.64722;-4816199.69684
585/KEW1;-4338052.08742;104176.64858;4659064.36871
586/KGN0;3368281.39081;-3942152.77421;3701895.65647
587/KGNI;3368156.22758;-3941949.36152;3702214.87719
588/KHAJ;2990444.48793;-2995266.82558;4755575.70499
589/KHAR;2428203.63614;3312984.03825;4863307.93031
590/KINL;-294549.03775;3331660.1228;5412697.54613
591/KIR0;865686.8359;2248122.96109;5886425.94607
592/KIRI;785605.11815;-6327822.32439;149769.52503
593/KIRU;862817.37024;2251420.5587;5885476.85269
594/KIT3;4556652.33552;1944944.75627;4004326.04843
503/KITG;4556783.78488;1944879.65447;4004205.94716
595/KJUN;-5512425.71775;-196844.24985;3191599.46676
596/KLOP;620655.53062;4041875.22981;4878636.96448
597/KLPD;1297490.688;3359227.89215;5246690.47534
598/KMOR;-871142.69611;433815.54592;6282526.528
599/KOD1;-1597307.11354;-3028721.02001;5363076.75802
600/KOD5;-1597307.12267;-3028721.06399;5363076.90064
601/KODK;-1575906.1474;-3027465.64585;5370078.08291
602/KOK1;-2047248.8542;-5551750.00315;2372727.3323
603/KOKB;-2054585.86533;-5543838.32226;2387810.4144
604/KOKV;-2054585.86818;-5543838.31902;2387810.42105
605/KONE;-291751.53424;4276913.14949;4706935.22283
606/KOPE;1061559.67563;4346594.87652;4530253.06674
607/KOSG;396732.17085;3899224.91673;5015078.55772
608/KOU1;-5059568.33204;3839590.18019;579958.00638
609/KOUC;1617967.25435;-5751223.11163;-2225743.22321
610/KOUG;-5049732.0356;3855263.32755;563040.52663
611/KOUR;-5059567.60144;3839591.34237;579957.22778
612/KRGG;3918154.58709;1406336.17913;-4816172.87003
613/KROT;1459859.39833;4737979.01511;3999248.93244
614/KRSN;3571333.05713;-174282.27646;5264196.00555
615/KRTV;3967218.13841;798557.57107;4913554.57106
616/KSMV;3276870.38571;-3997525.70889;3724218.2087
617/KSNB;-1462576.65549;2044690.44815;5844021.68209
618/KSTU;3571333.06337;-174282.27677;5264196.0123
619/KSU1;-4923591.00614;-570504.69461;4001208.4645
620/KTVL;2550749.27141;3785991.50955;4439438.26719
621/KUAL;6184650.05873;-1443668.52513;587309.8129
622/KULL;-1430371.13389;920855.30843;6126575.95874
623/KULU;-1596883.76439;2107682.18098;5784773.63862
624/KUMT;4659360.29054;974206.45716;4237004.71792
625/KUNM;5640746.01235;-1281256.21153;2682879.76001
626/KUUJ;-3558198.85378;772857.29388;5219096.11328
627/KUWT;4133974.09977;3725972.29104;3105364.79271
628/KWJ1;1339884.42299;-6160880.53879;960811.10028
629/KWST;-5744713.28447;832505.30988;2634183.01894
630/KYDH;-5106992.24782;420043.38805;3785438.44879
631/KYW1;-5741929.00492;842464.28682;2637061.54287
632/KYW2;-5741923.88055;842487.82571;2637065.08708
633/KYW5;-5741929.14423;842464.30703;2637061.61586
634/KZN2;2717466.56288;2352345.82331;5251459.20656
635/LAE1;3451107.56807;-5312857.35265;-736321.74565
636/LAGO;-767656.82238;5035246.41489;3826194.52392
637/LAM0;-5403742.3085;2975265.21096;1620410.21079
638/LAMA;1329693.83559;3524522.66475;5129846.46814
639/LAMP;1134512.8121;5073164.53705;3683181.35227
640/LARR;4479077.80028;-4208011.65442;-1701337.78245
641/LASC;-4664258.2682;-2512127.9462;3539831.34557
642/LAUT;270923.76231;-6075194.66746;-1917189.07539
643/LBC1;-4676855.17975;-2501110.35818;3530976.76715
644/LBC2;-4677476.8772;-2505229.78342;3527244.37799
645/LBCH;-4676369.39423;-2507799.12554;3526890.97627
646/LBRF;-4767211.72786;-2453201.50902;3443390.37459
647/LCK2;5620570.0834;894638.65084;2869603.7746
648/LCK3;5620593.42077;894676.12906;2869571.18085
649/LCK4;5620594.95522;894678.29503;2869567.56164
650/LCKI;5620574.78169;894647.24474;2869591.8985
651/LDHI;1942868.67866;-5082152.96115;-3317227.58501
652/LEEP;-4652631.68348;-2507463.73805;3559086.94489
653/LEIJ;855345.48801;3898736.16327;4958372.57929
654/LEPA;-6259328.39881;544186.58627;1094301.51585
655/LHAS;5549269.40895;-106938.67459;3139216.07415
656/LHAV;3115975.2484;4472247.13777;3301983.82475
657/LHAZ;5549269.77174;-106942.09907;3139215.2022
658/LHCL;-4582903.63041;2079355.5223;-3905925.51224
659/LHUE;-2087776.43173;-5536611.41873;2372845.51746
660/LINZ;1048597.60311;4118898.41089;4740106.0441
661/LIVE;-200432.77206;3801351.45796;5100558.5023
662/LKHU;-5510739.99559;-496256.72062;3162058.04117
663/LKTH;-3353969.09307;2107961.07659;-4982126.39493
664/LLIV;162244.88644;4709586.10508;4285914.43116
665/LMMF;-5399363.83214;2993387.38761;1596748.15184
666/LMNO;-5077560.94687;-666737.22681;3789624.33459
667/LONG;-4667438.71544;-2482078.01872;3556771.826
668/LORD;1944860.68195;-5082756.54159;-3315203.62806
669/LOWE;118911.18342;3891549.38283;5035093.11112
670/LOY2;-4968826.5655;1216985.32427;3796430.99124
671/LPAL;-1719826.00414;5326646.22164;3052043.90242
672/LPAZ;-5461273.89276;-2022283.92782;2592317.38164
673/LPGS;-4437419.01891;2780103.01163;-3629404.36835
674/LPIL;1314042.38233;-5813728.88987;-2262941.16933
675/LPPZ;-351771.81043;4224156.09875;4750009.72461
676/LROC;-94174.96765;4424632.39858;4577544.24396
677/LURI;770557.88738;4616572.28439;4318464.85595
678/LWN0;441249.32545;-856063.45789;-6285411.49448
679/LWTG;-63327.25134;3181624.08676;5509083.91886
680/LYNS;-1781679.10175;2108477.63959;5730747.34059
681/LYTT;585997.05101;-4588535.96516;-4376497.07637
682/LZCR;-5933369.20425;-1280489.31911;1952004.27499
683/M0SE;1028629.68418;4642432.2561;4236854.4054
684/MAC1;1334173.19777;-3464038.89518;-5169223.87672
685/MAD2;-360328.69226;4849202.22908;4114913.36904
686/MADR;-360328.69288;4849202.23002;4114913.37057
687/MAEW;1275336.53129;-6029779.36116;-1636706.30777
688/MAG0;1581232.92775;-2825810.57015;5477005.3331
689/MAJB;950333.42665;-6257572.1262;785215.57703
690/MAJU;950333.42286;-6257572.1261;785215.57283
691/MAL2;4110717.47347;4865385.45284;-331137.3939
692/MALA;-392096.20794;5103282.1125;3793147.30994
693/MALD;6099997.95813;1803857.33547;462750.20899
694/MALI;4110737.86658;4865366.0956;-331121.33352
695/MALL;225500.14589;4919369.29284;4039850.01509
696/MANA;-6222925.63374;407981.93671;1333529.14258
697/MAO0;-2404332.80444;-5466067.14095;2242123.30309
698/MAPA;-4963550.35887;4005461.09739;5162.47511
699/MAR6;931451.97941;2998189.22203;5533398.87082
700/MARA;-5948895.07392;1976117.25374;1173592.41301
701/MARG;-1293359.33431;584120.07605;6198091.11283
702/MARN;2680706.3126;3448359.01785;-4632431.81095
703/MARS;433946.57889;4630532.54783;4350142.86866
704/MAS1;-1522055.23515;5439192.1666;2953455.06979
705/MAST;370789.42601;-4801934.00074;-4167752.09862
706/MAT1;1393053.92688;4641951.18844;4133281.06933
707/MATE;1393045.69308;4641949.29167;4133287.66819
708/MATG;1393063.01012;4641952.58118;4133278.30231
709/MATH;-4706036.96216;-2443215.95061;3533477.87343
710/MAUI;-2404327.20068;-5466069.06615;2242127.89383
711/MAW1;2168911.1937;1111287.20988;-5874493.59532
712/MAWY;-4229411.8263;-1597259.28997;4486549.12127
713/MAYG;4418744.60022;4379104.36401;-1401897.82396
714/MAYZ;-5585159.4142;2352504.43151;1981262.36175
715/MBAR;3260442.84753;5482951.13956;-66519.6294
716/MCD1;-5595633.48039;733468.05542;2961793.19271
717/MCD5;-5595633.62742;733468.07081;2961793.28573
718/MCIL;2551881.20873;-5227187.55097;2607618.24681
719/MCM4;310814.8348;-1311703.0464;-6213255.13605
720/MCN1;-5338955.36015;602581.78822;3425604.51437
721/MCON;-4867122.26119;698830.51494;4049240.9636
722/MDO1;-5328393.362;-1329998.9516;3236504.08942
723/MDSI;-4871158.58698;1173609.30745;3933267.27285
724/MDVJ;2160954.41462;2845455.77377;5265993.30992
725/MDVO;2161070.34615;2844671.78797;5266363.96504
726/MEDI;919593.84738;4461400.48276;4449504.92707
727/MELI;-268410.6736;5205628.06534;3663428.59481
728/MEM2;-5200623.97887;-18702.94483;3680096.82113
729/MERI;-5957733.08156;39480.66066;2269335.11836
730/MERS;2886968.01696;4239149.25607;3778877.16876
731/METG;1310295.64079;2890652.36777;5513958.92915
732/METS;1311843.64296;2892570.54193;5512634.26104
733/METZ;1311843.85282;2892569.60118;5512634.67047
734/MFKG;2477739.4102;5185375.40363;-2760200.9327
735/MGUE;-4850352.53307;1823327.81676;-3709085.44668
736/MHCB;-4323171.77617;-2664063.99915;3848361.49351
737/MIA1;-5664641.71377;982509.13835;2752416.99128
738/MIA3;-5664647.16774;982510.1253;2752419.6947
739/MIG1;-4565822.881;-2673548.61063;3550037.51755
740/MIK2;-1242876.39908;2032023.17388;5897693.70111
741/MIKL;2308676.22834;3698553.70156;4639769.61556
742/MIL1;-4668696.59784;172135.67378;4327808.29506
743/MIPR;-5569299.71845;2418484.91147;1946392.60768
744/MIZU;3108693.619;-3857169.98929;4004040.5499
745/MKEA;-2495165.49332;-5464105.38084;2148291.63225
746/MLF1;-5403152.27756;246129.1926;3368920.01452
747/MNLS;-4550859.33089;-310793.18891;4443389.33546
748/MNP1;-4576355.42553;1499280.80282;4168038.20242
749/MOB1;-5512307.05873;190172.01447;3192181.64964
750/MOBJ;2178374.21831;2936424.34427;5208858.5301
751/MOBK;2178374.21625;2936424.34287;5208858.52687
752/MOBN;2178364.7266;2936431.75472;5208858.33982
753/MOBS;2894953.13526;-4130636.7276;-3890530.28018
754/MOIU;3685973.09206;5207811.22499;31891.91338
755/MOLA;-4251148.77548;-2699935.68454;3900757.01861
756/MONJ;4098512.78008;-1245199.5926;4711597.97655
757/MONP;-4802359.03597;-2386247.54111;3444902.43026
758/MOPI;1260571.84421;4053737.63316;4744940.99647
759/MORP;-107277.01405;3645667.65443;5215053.66965
760/MPL2;-4247372.28023;2698449.97722;-3905981.23313
761/MPLA;-4243736.83433;2700316.89497;-3908569.61466
762/MPR1;-5759530.18216;-1570142.14981;2238184.57412
763/MQZG;590466.31143;-4580569.78654;-4384379.69742
764/MRL1;520984.33672;-4749991.58896;-4210603.47464
765/MRL2;520984.34171;-4749991.58548;-4210603.47436
766/MRO1;5097138.27568;-2556630.00315;-2848384.82762
767/MSAI;6296397.49818;-1007334.4222;-146655.07761
768/MSD1;-5523222.48813;-1979519.87741;2493106.74768
769/MSKU;1494057.09054;6198407.09759;-180399.14365
770/MSSC;-5507204.49766;37114.88255;3206321.88056
771/MTJO;761553.18955;-4533816.00214;-4407673.33117
772/MTKA;3364399.66781;-3947762.84999;3699428.47507
773/MTV1;-4349790.37668;2914537.01864;-3630033.32915
774/MTV2;-4349790.3758;2914537.01858;-3630033.3287
775/MTY2;-5657637.2248;-1029483.60548;2750926.06303
776/MUSD;-4611076.39707;-2566076.59831;3570485.84846
777/MVFD;-4780309.07965;-2386012.17166;3474201.20105
778/MXS1;-4853237.47055;-2312166.41912;3420719.29201
779/MYVA;-766501.95002;2524224.51093;5787949.78868
780/NAGA;5636225.20332;441479.94965;2947375.50608
781/NAIN;-3103473.32753;1671836.39884;5297671.34953
782/NAMA;4036794.78881;4476294.68749;2086353.41396
783/NANO;-3451608.35492;-2335726.96664;4812009.88654
784/NAPL;-5670155.69882;819477.0968;2793845.75153
785/NAS0;-5643661.85814;1255070.68027;2684339.01166
786/NATL;-3658349.07211;5184560.9384;-644388.75957
787/NAUR;1442787.60528;-6212554.90257;-61006.34112
788/NAUS;-5519130.72169;3179409.33925;-334109.93596
789/NCDU;-4995545.14685;1268582.71968;3744466.47333
790/NCG5;-5079296.88147;918947.58308;3734391.44296
791/NDBC;-5508265.07696;37467.28071;3204510.47056
792/NDSK;-5050077.60772;-498567.51571;3851195.22251
793/NEAH;-3498394.13084;-2415625.68919;4739316.83571
794/NEB3;-4389684.41943;449726.20113;4590090.88581
795/NEIA;-4292588.81275;3875254.99711;-2681108.55702
796/NETP;-5515795.32623;-515007.95416;3150298.45731
797/NETT;796682.78902;-4546612.76744;-4390116.59451
798/NEWL;-395930.01729;4079953.78982;4870197.0794
799/NEWP;-3769449.62215;-2548454.16382;4454636.51707
800/NICA;581032.29509;4581808.82455;4384493.06345
801/NICO;2874117.22225;4359415.45438;3650778.00375
802/NIHU;-4899546.86147;1554480.86652;-3763594.13687
803/NIST;-4721696.93035;-1288398.51805;4078625.35348
804/NISU;-4721684.20682;-1288363.8554;4078659.30325
805/NIUM;-1054675.24664;-5937160.88967;-2071386.03186
806/NJCM;-4782943.67246;1299236.96707;4000979.86512
807/NJGT;-4751401.3169;1314928.04854;4033112.74294
808/NJI2;-4656034.48174;1319481.78737;4140725.0233
809/NJTW;-4729242.07976;1271652.13303;4072560.59334
810/NKLG;1071574.83969;6287385.68687;39133.17675
811/NLIB;-4762291.70282;-130934.8241;4226854.62121
812/NLIV;-4762291.9536;-130934.83358;4226854.84459
813/NMEA;1384373.10012;-5740949.4437;-2401599.501
814/NNOR;4907778.63062;-2414152.34456;-3270644.24896
815/NNVN;-2145447.1209;2152868.94712;5591017.43712
816/NORF;1166108.45735;-5457454.39264;-3078179.02535
817/NOT1;1321265.25542;4934545.97311;3806456.33016
818/NOTO;1321262.61112;4934528.27341;3806479.85961
819/NOUM;1387563.30588;-5739971.96808;-2402122.57892
820/NOVJ;3635913.18481;452288.20828;5203396.80456
821/NOVM;3635877.58658;452260.72856;5203453.31969
822/NPLD;-23625.21024;3985500.11528;4962941.8273
823/NPLY;507350.52237;-4924806.99566;-4008309.90498
824/NPRI;-4531473.97734;1531392.09857;4204982.6378
825/NRC1;-4341475.89811;1112776.97404;4522955.87511
826/NRIF;3172730.10633;4525066.69128;3174290.51805
827/NRIL;2253782.90621;64536.87391;5946363.50985
828/NRL1;-4848758.69518;1117248.96158;3976821.23185
829/NRMD;1380503.88304;-5743538.09811;-2397896.04937
830/NSLG;-91646.64445;3664667.21666;5201998.24471
831/NSSP;3418806.02075;3478646.22753;4097987.42923
832/NSSS;-4794640.45617;-2440113.03025;3414804.85708
833/NSTG;-92116.88413;3664791.88317;5201903.96142
834/NTUS;6195576.54209;-1508023.21027;148799.33615
835/NUNE;-4258433.77424;-2686487.32822;3902277.16157
836/NURK;3196625.03667;5516756.44745;-215027.07283
837/NVSK;3655558.57403;433605.20585;5191286.67546
838/NWBL;-5402367.75871;2848019.45008;1833860.91874
839/NYA1;252632.39575;1202433.63438;6237772.73573
840/NYA2;252474.667;1202379.29046;6237786.57289
841/NYAC;252632.192;1202432.65867;6237767.64684
842/NYAL;252626.81296;1202430.3284;6237767.7652
843/NYBP;-4655043.84443;1333552.91277;4137302.48124
844/NYQN;-4647097.77946;1356258.60838;4138865.32385
845/NZRT;3104297.70506;4379258.01502;3433926.68161
846/OAK1;-63375.5051;4011440.69634;4941877.21556
847/OAK2;-63375.50534;4011440.69562;4941877.21576
848/OAT2;-4630093.83871;-2524554.22137;3577352.37677
849/OAX2;-6058316.07296;-713483.10134;1861594.7257
850/OBE2;835027.67266;4186558.13027;4723759.61264
851/OBE3;835022.78517;4186558.54578;4723761.32176
852/OBER;835027.67079;4186558.12192;4723759.59178
853/ODS5;-5297413.6851;-1156491.94857;3349021.05331
854/OGHS;-4762197.4847;-2430835.81242;3466199.26886
855/OHI2;-2432478.23034;1525812.12844;-5676165.54887
856/OHI3;-2432478.74268;1525809.29535;-5676166.24439
857/OHIG;-2432481.34374;1525872.88969;-5676146.06337
858/OKEE;-4639569.97874;602996.99601;4320607.16972
859/OKOM;-5286698.45433;104972.99064;3554802.01601
860/OKSO;-782667.93185;-3734061.90748;5094697.14965
861/ONS1;711819.13074;3370666.71573;5349788.24795
862/ONSA;711877.34246;3370658.33743;5349787.09421
863/OOST;204056.34364;3997350.33039;4949342.5284
864/OPMT;171368.24695;4202777.18629;4778660.34628
865/ORES;-4531308.37894;-2645609.07088;3614198.25048
866/ORID;1708267.26201;4498451.4738;4173591.99068
867/OS0G;711877.34034;3370658.33354;5349787.08676
868/OSLS;579956.96121;3169981.68106;5485936.84611
869/OSN1;4067638.94412;-3067862.16596;3824293.85227
870/OSN2;4067640.82759;-3067863.57783;3824295.62938
871/OSN3;4066863.82825;-3068341.19089;3824756.87976
872/OSN4;4066863.82879;-3068341.19045;3824756.87965
873/OUAG;-164484.59164;6229497.59633;1356011.56603
874/OUS2;733420.92143;-4387891.05109;-4555176.03093
875/OUSD;733421.67211;-4387888.88663;-4555178.06245
504/OWMG;-290931.65903;-4584394.23652;-4410047.92429
876/OXEC;-6083156.17237;-645257.57477;1802196.61667
877/P003;-4906659.17084;-2185093.71402;3428139.43907
878/P015;-4959806.54509;-1806152.03398;3571755.70027
879/P026;-5135738.50903;-1589273.20251;3422844.98058
880/P034;-5020831.18357;-1483356.27693;3633960.59165
881/P035;-5073611.19759;-1376910.70909;3602566.84249
882/P036;-4958443.27392;-1355886.39735;3767321.17902
883/P038;-5141071.45282;-1225472.01734;3560657.21478
884/P039;-5003010.64654;-1169204.64145;3769191.86889
885/P059;-4132153.70077;-2758534.9306;3986125.04829
886/P066;-4826895.70034;-2371966.90296;3418658.22257
887/P067;-4452984.03199;-2675936.44979;3687903.35536
888/P101;2939102.28163;-3611192.95161;4344522.74529
889/P102;3079823.55817;-3604633.64234;4252131.26238
890/P103;3047623.24864;-3744649.79453;4153853.83758
891/P104;3167020.19946;-3734880.02981;4073088.41276
892/P105;3240117.13412;-3799859.50101;3954557.68609
893/P106;3176869.22759;-3917847.73025;3890656.65327
894/P107;3339324.72096;-4015023.74261;3649638.41293
895/P108;3382270.25345;-3976337.64177;3652431.93388
896/P109;3357383.43316;-3765764.54728;3889248.69779
897/P110;3362971.62498;-3802287.77617;3848948.2786
898/P111;3466091.4266;-3703988.76435;3853284.7455
899/P112;3567423.11449;-3713434.36126;3751032.86535
900/P113;3426670.25627;-3960457.69429;3628389.94248
901/P114;3455790.8283;-3942544.96598;3620325.00579
902/P115;3483057.95824;-3913066.42983;3626131.14915
903/P116;3583089.30107;-3818785.96111;3629161.38381
904/P117;3724079.44343;-3749062.08682;3559716.55199
905/P118;3715156.19135;-3627486.91762;3691650.0634
906/P119;3928682.51041;-3488617.7141;3603969.70248
907/P120;3885746.16102;-3654514.40132;3484944.03049
908/P121;4088751.08157;-3412583.12009;3497865.5337
909/P122;4025348.89201;-3582625.91908;3400664.20677
910/P123;4135025.11858;-3493262.29636;3362089.30828
911/P124;4524189.75553;-3512443.15512;2796935.9564
912/P162;-4003808.6611;-2724770.81408;4136468.77041
913/P201;2780889.37866;-3519364.23046;4519305.04209
914/P202;2681715.74317;-3730050.15114;4409668.27685
915/P203;2722640.78274;-3798936.07137;4325541.01713
916/P204;3015354.76472;-3687264.06802;4227576.76397
917/P205;3071708.20868;-3896907.46462;3994050.19697
918/P206;3377635.81135;-4000420.11127;3630509.53253
919/P207;3474321.72244;-3755156.21028;3796308.3901
920/P208;3714594.79348;-3816227.26486;3498134.92399
921/P209;3887786.06001;-3508722.5648;3628551.69009
922/P210;4122053.18662;-3442441.92675;3429305.69587
923/P211;4079119.43459;-3597405.3696;3320579.78628
924/P212;4532637.36905;-3498826.20941;2800301.70351
925/P213;3483084.96042;-4489493.32193;2887512.00444
926/P224;-4265643.43981;-2688201.54793;3893778.64775
927/P231;-4350832.28767;-2708725.09663;3783764.45135
928/P365;-3836783.8281;-2612714.57296;4359552.88232
929/P435;-3561380.56572;-2357519.56799;4721517.9617
930/P471;-4717506.72892;-2460057.07627;3506174.85707
931/P472;-4772473.1125;-2442691.82753;3443722.31887
932/P473;-4787435.95581;-2434009.81416;3429261.86942
933/P474;-4741246.16349;-2441765.69217;3487030.8489
934/P476;-4739266.37441;-2434573.13594;3494921.35756
935/P477;-4739084.17425;-2426508.03986;3500778.04264
936/P478;-4755389.07331;-2430481.35788;3476057.85288
937/P480;-4799829.01749;-2377284.9108;3451963.068
938/P482;-4772384.98835;-2397277.24491;3476749.96735
939/P483;-4786841.2586;-2393867.41942;3460210.24847
940/P484;-4767501.29417;-2389556.17719;3489580.38008
941/P485;-4784564.43929;-2376019.68466;3473691.81411
942/P486;-4785249.03604;-2367334.12382;3478193.67782
943/P494;-4836495.60671;-2330983.10702;3431549.63594
944/P495;-4825178.75857;-2314779.25731;3458093.64049
945/P496;-4842511.28567;-2319722.398;3430709.82276
946/P497;-4838711.9889;-2315938.00441;3438545.13053
947/P498;-4835550.33663;-2313650.39061;3444474.57351
948/P499;-4834411.7804;-2304644.45346;3452021.10992
949/P500;-4857729.5623;-2296231.2938;3425068.19929
950/P501;-4843695.42144;-2299739.52893;3442364.14256
951/P502;-4836914.42145;-2299003.21731;3452290.19783
952/P504;-4793898.28881;-2313936.8318;3501898.26315
953/P506;-4827952.6651;-2303870.35968;3461483.61735
954/P507;-4817357.55239;-2309373.76815;3472494.96952
955/P508;-4822180.918;-2292701.33193;3476979.07934
956/P509;-4847069.88597;-2290570.03824;3443766.58589
957/P510;-4831303.47717;-2288218.7512;3467302.85837
958/P514;-4510375.37913;-2647253.72939;3638921.54918
959/P515;-4526005.39295;-2638414.53324;3626260.36231
960/P523;-4473242.09101;-2672969.80645;3665507.60764
961/P525;-4469142.21397;-2665004.62487;3676617.22722
962/P804;-5329692.15387;538949.94755;3450661.00013
963/P805;-5329695.42139;538943.18439;3450655.88477
964/PABH;-3589636.07777;-2439933.82555;4657876.47806
965/PADO;924567.71538;4388881.77992;4519588.88475
966/PALA;4516198.96901;-4430351.71063;808152.02011
967/PALK;6244415.80383;1022268.29409;802113.24899
968/PALM;-2450887.69374;1192672.1487;-5747096.04183
969/PALV;-2450887.69426;1192672.14833;-5747096.04219
970/PAPE;-3081049.15726;-5245798.76875;-1909175.19804
971/PAPH;-4728978.96529;1251539.86625;4079122.01028
972/PAR1;-4522966.89852;-2679517.76473;3599484.10802
973/PARA;-4365113.91872;3763751.67034;-2724404.48263
974/PARC;-3622975.22556;1255992.54579;-5079719.15224
975/PARK;2816652.44719;-4554255.18432;-3454059.74496
976/PARL;-4713813.39321;1257780.97402;4094697.21531
977/PASA;-156645.0756;4644909.05768;4353623.07165
978/PASO;-5207253.26522;-1533953.88177;3339340.17248
979/PAT0;1860619.76081;4655002.79103;3930281.80339
980/PATT;-5400118.7001;-540765.72317;3339605.91605
981/PBAI;6307644.42312;-945635.63596;-3493.65845
982/PBIL;-174226.18085;4059564.76791;4899976.55225
983/PBL1;-4256585.64751;-2703286.87878;3892573.6058
984/PBOC;-1134440.75164;-1839322.35725;5980782.21653
985/PBR2;6240847.776;-295647.7771;1278181.41568
986/PBRI;6240848.79364;-295635.91691;1278178.54472
987/PCLA;-5495458.77602;269789.87558;3215296.10252
988/PCLM;-5011507.0169;1627965.55222;-3581782.5344
989/PDEL;-2186892.89313;4551595.88795;3883411.00675
990/PEN2;1417706.03328;4052431.51796;4701420.23903
991/PENC;1417681.3693;4052449.22137;4701407.24388
992/PERT;4881316.68142;-2368687.99849;-3341795.01517
993/PETP;1401003.62017;-3576239.74918;5075177.36196
994/PETS;1399698.23704;-3580828.38429;5072185.02792
995/PFA2;733545.20373;4253559.71235;4681453.01261
996/PFAN;733545.23889;4253559.8089;4681453.14735
997/PGC5;-3522532.68228;-2327195.1892;4764828.79054
998/PGEN;5187339.66942;-3650007.46232;669409.40214
999/PHLW;2879662.60002;4728141.01163;3157147.15619
0/PICL;-3980586.76937;-11253.3321;4967210.29886
1/PIE1;-5014781.19128;-1640917.09869;3575447.0179
2/PIMO;5286624.4162;-3186293.57633;1601158.38865
3/PIN1;-4761206.79024;-2369510.9744;3511396.31948
4/PIN2;-4761231.33448;-2369467.0349;3511396.76839
5/PIT1;-4775165.43309;868032.63327;4124897.83732
6/PJZX;-4849769.26649;-2353220.14655;3400273.5913
7/PKDB;-4452757.20991;-2627227.04093;3723620.58804
8/PKTN;-4923544.2192;602406.46025;3996328.9866
9/PLO3;-4778387.2776;-2460296.14397;3422768.65146
10/PLO5;-4778387.3233;-2460296.18973;3422768.67618
11/PLPK;-1404664.90971;2079880.14003;5844060.18357
12/PLTC;-4720547.49;-1240696.96534;4094380.63412
13/PLUZ;-1495299.85684;5425838.5478;2990874.32812
14/PMOB;-4758711.98434;-2410009.66649;3488034.07233
15/PMTG;-78330.42911;4038372.28683;4919720.27794
16/PMTH;-293020.71174;4061825.0867;4892572.56202
17/PNCY;-5501178.36744;415741.07428;3189985.62085
18/PNGM;3437432.03559;-5367942.64251;-225885.60079
19/POAL;-4300378.64476;3467519.43094;-3177517.52832
20/POHN;2350292.709;-5879158.27459;767748.58603
21/POL2;4530790.14976;1239970.97951;4302578.86509
22/POLV;2348464.1572;3411557.04487;4834396.9821
23/POR2;-4404569.71337;1541610.5444;4333255.7183
24/POR4;-4404556.57719;1541631.35552;4333256.67391
25/POT3;-1699183.23452;-2586448.50293;5558410.63348
26/POTR;-4809162.92401;-2407290.70704;3418784.58966
27/POTS;882077.61079;3800689.40917;5028791.45443
28/POVE;-5662060.1807;2774265.58195;-959415.75754
29/PPER;-3937464.31523;1553434.47837;4755122.54076
30/PPT1;-4295976.46993;-2725253.5137;3833959.46678
31/PPTE;-4620818.76917;3687624.36844;-2386880.15057
32/PRAT;886376.94594;4518263.89514;4399019.51484
33/PRCO;-5186967.85944;-684650.39521;3636211.83081
34/PRDS;-3676725.78561;-1659603.20952;4925493.45136
35/PRE1;2719227.28841;5066232.03436;-2754392.38658
36/PRE2;2719227.28323;5066232.02615;-2754392.38457
37/PRE3;2719223.22561;5066223.44943;-2754406.28199
38/PRE4;2719223.22641;5066223.45091;-2754406.28295
39/PRIE;435498.63136;4630631.64869;4350065.73601
40/PRMI;-5588324.14825;2366882.08717;1955260.45232
41/PROX;-5944846.81867;34591.52787;2302703.11295
42/PSKI;6273133.98541;-1146063.07576;-124353.82313
43/PSMK;6318202.86981;-872329.85114;-9876.21573
44/PSU1;-4726563.00287;1017619.34895;4146418.85249
45/PTAG;5291065.55301;-3184318.63933;1590418.26688
46/PTBB;709661.54554;3844059.74017;5023129.69109
47/PTKL;2558778.98993;-4599806.40826;-3590075.14975
48/PTLD;3110284.56633;-3926098.87408;-3935497.15375
49/PTLO;6311664.26084;-918526.97212;-6036.75021
50/PTRB;-4219969.72683;-2742441.50543;3905199.35197
51/PTSG;-3936889.8014;-2681055.92993;4227633.50405
52/PTSV;3462794.57748;-3912012.00461;-3646500.98223
53/PTVL;1230677.62417;-5950573.22773;-1932016.92934
54/PUC1;-4601411.29368;-1748713.38425;4044873.86329
55/PUMO;-6256428.80193;551029.37976;1107276.7391
56/PUR3;-5573619.53924;2358177.99214;2007084.11929
57/PUR5;-5573619.68674;2358178.05493;2007084.16776
58/PUR6;-5573607.20857;2358186.68513;2007106.60781
59/PVE3;-4670030.63438;-2525524.91259;3522844.94063
60/PVEP;-4670030.04072;-2525523.805;3522843.46224
61/PVHS;-4669621.23231;-2521924.20517;3526283.98275
62/PVRS;-4672046.86622;-2517804.51168;3525657.42548
63/QAAR;-1678302.40494;1279061.89334;5998840.26181
64/QAQ1;-2251830.02941;2170941.84198;5539988.49467
65/QIKI;-2195214.23242;1069080.99687;5872519.11489
66/QUAD;-3342081.37831;-2369026.63774;4872243.26438
67/QUAR;818911.61886;-4558539.49086;-4370553.62617
68/QUI1;-6252772.08441;1272867.41077;-23801.61714
69/QUI2;-6252772.07292;1272867.41647;-23801.61764
70/QUI3;-6252216.76274;1275746.57587;-15440.95962
71/QUI4;-6252216.76349;1275746.57733;-15440.95968
72/QUIN;-4198594.97117;-2517231.4335;4076531.16926
73/RAAP;-4772396.8257;-2422982.27064;3458101.64549
74/RABT;-631745.44224;5255617.55218;3546322.7522
75/RAMO;3133508.03528;4514721.55445;3228024.95156
76/RBAY;2970758.54536;4739765.76188;-3054077.45732
77/RCA2;-4570711.18974;-2609202.76947;3592958.27527
78/RCHY;-5403334.43623;2854496.8025;1821562.38066
79/RCM5;-5674074.20716;961334.52066;2740535.2346
80/RCM6;-5674074.09907;961334.50492;2740535.17111
81/RCMN;3829074.48608;5101056.55456;-135016.09928
82/RCMV;-5674054.82126;961317.52928;2740563.80914
83/RDSD;-5683737.23553;2078678.90363;2006886.95599
84/RECF;-3618162.20849;5176588.5876;-887363.66577
85/RED5;-4768508.78662;1227008.06525;4040548.68394
86/REDU;368380.82443;4091423.16118;4863179.9473
87/REDZ;1093332.20852;3550066.36637;5167562.2702
88/RESO;-1683119.85536;-144107.88491;6129763.34386
89/REUN;4907944.66535;3364098.94067;-2293466.70167
90/REYK;-1043033.52587;2587384.01873;5716564.14552
91/REYZ;-1043032.73347;2587383.35618;5716564.59935
92/RGDG;-3495334.83961;1429870.44918;-5122722.98772
93/RIC1;-4942503.11229;1102093.72374;3864934.73845
94/RICH;-3852038.69271;-2159689.0741;4586683.00098
95/RIGA;1421478.69311;3183898.939;5322810.9105
96/RINK;-1549057.61457;1254672.24083;6039712.43658
97/RIO2;-3495354.92393;1429907.88366;-5122698.53305
98/RIOB;-5817088.41579;2373576.75053;-1096515.54918
99/RIOG;-3495354.94583;1429907.89887;-5122698.56228
100/RIOP;-6253609.43671;1255144.94831;-182569.69918
101/ROAP;-555200.41126;5105509.59943;3769790.38029
102/ROB4;415169.48301;-1374250.56433;-6193596.48447
103/ROCH;-4755084.70161;-2382183.81141;3511367.95861
104/ROCK;-4631543.10672;-2533220.53003;3568400.69335
105/ROSA;-4704836.16955;3551520.48207;-2428155.52461
106/ROTG;-291580.86584;4205957.67359;4770000.64434
107/ROTH;-2264764.18325;909246.22844;-5873056.29406
108/RPT1;-3653646.05259;-2316417.92559;4671031.71406
109/RSBY;2863243.24478;-5121089.39948;-2493143.36922
110/RWSN;-4217335.41583;1956973.41586;-4351745.33412
111/S300;-4307855.58957;-2645887.5062;3876512.1474
112/SA15;-4813064.46026;1136930.5422;4014274.24088
113/SA22;-4661570.9832;1316068.84566;4135580.1684
114/SA26;-4078264.15142;1761245.55448;4561413.34456
115/SA45;3608798.4588;-3998750.52438;-3404651.98568
116/SABL;-138518.70275;4393606.46572;4606018.87712
117/SACH;-1615315.94117;-1141586.72771;6043418.40585
118/SACY;-4692210.50881;-2483934.34551;3522794.47368
119/SAG1;-4597431.4946;496374.56751;4378421.32775
120/SAGA;-5873685.33169;2486243.70641;-15906.59872
121/SAL1;-5188678.54254;-437219.11326;3671226.85296
122/SALU;-4443098.55181;4566947.85183;-286674.56301
123/SALV;-3870312.42777;4863495.71397;-1426347.58176
124/SAMA;-6020152.23466;1704996.31436;1233459.38243
125/SAMO;-890028.53761;-6129702.46447;-1516806.82116
126/SAMP;6291996.6808;-964465.13833;400195.53481
127/SANC;1362037.44651;-5996581.39133;-1687873.51446
128/SANT;-5044574.23589;1769693.53035;-3468320.85969
129/SAOB;-4364494.88873;-2669035.68998;3796775.88243
130/SARI;777238.07827;4693638.52916;4233935.21325
131/SARZ;-208511.46833;4309876.30046;4681398.5552
132/SASK;-3758704.9058;-1106129.94978;5016675.44384
133/SASS;875303.56201;3606145.8473;5170194.06962
134/SAV1;-5349232.70161;780717.90128;3373459.79756
135/SAVO;-3864605.36436;4870283.74257;-1418872.38368
136/SBCC;-4712749.23775;-2470209.49975;3505283.89696
137/SBOK;1703114.49566;5279492.06363;-3139092.80825
138/SBRB;-4266526.34785;-2708753.18437;3877953.05514
139/SBRN;-4266565.84881;-2708736.30606;3877939.6193
140/SC01;-5060497.72666;-1543918.91863;3553867.80478
141/SC02;-3547589.39824;-2304501.64097;4757288.53527
142/SCCC;-5284982.00818;937783.01926;3433737.29315
143/SCH2;-3385243.79255;1448636.54316;5191047.23459
144/SCHA;-5284976.24049;938983.82699;3433414.16371
145/SCHY;-5194920.70475;1034724.20462;3540911.30234
146/SCIL;-451277.62943;4090375.91851;4856740.15137
147/SCIP;-4711013.36029;-2556588.08184;3446241.79137
148/SCMS;-4719764.70877;-2471060.31651;3495179.16786
149/SCOA;-136224.94886;4639940.49481;4359552.40753
150/SCOR;-798821.01821;1982095.78864;5989464.66251
151/SCRZ;-5420745.27457;2743005.9145;-1937116.99825
152/SCTB;308512.49075;-1311028.64166;-6213390.87336
153/SCUB;-5811243.26522;1474538.00146;2168958.8874
154/SEAT;-3637846.98022;-2300593.73074;4691079.11711
155/SELD;-1540663.86579;-2862121.778;5469360.35036
156/SELE;4540257.13223;1046790.20703;4342920.82645
157/SETE;299471.78618;4632080.94333;4359743.45075
158/SEY1;5238174.64593;3602870.28736;-516275.25073
159/SEY2;5238179.43675;3602867.28055;-516268.03596
160/SEYG;5240884.08621;3597835.8995;-516780.9605
161/SFDM;-4615598.52129;-2532676.82099;3588781.46826
162/SFER;-555145.6271;5105518.86931;3769803.56857
163/SG02;1345332.30115;2878964.65536;5511632.87645
164/SG06;-4618977.61998;1401155.01642;4155283.25975
165/SG21;-5930616.79643;-959340.67101;2141522.70145
166/SG26;4050725.85293;-3047514.74288;3858384.57094
167/SG40;1340896.04823;2880657.43988;5511858.83871
168/SGOC;6233644.30922;1113279.71485;760277.19906
169/SHAO;4675665.77149;-2831733.93699;3275369.26085
170/SHAS;4548593.73728;1191988.22468;4298062.11306
171/SHE2;-3991722.36882;1899507.75116;4582242.914
172/SHEE;51683.40415;3983074.10713;4964639.98215
173/SHIN;-4191757.35671;-2442114.75794;4128992.0209
174/SHK1;-4670918.1941;1338340.94382;4117936.36717
175/SHK5;-4670918.24016;1338340.91896;4117936.36302
176/SHOE;57358.34998;3973492.54907;4972193.27233
177/SIMO;1670594.90858;5010435.83387;-3563732.30818
178/SIN1;6195613.31719;-1507972.70064;148488.00163
179/SIO2;-4767223.45533;-2455539.97788;3441629.34203
180/SIO3;-4767480.07809;-2455457.18969;3441383.96123
181/SIO5;-4768905.47769;-2456115.4685;3439232.59566
182/SJDV;362673.08367;4433469.65921;4556211.86726
183/SKE0;975174.75165;2534030.68543;5752078.76702
184/SLCR;-6102266.964;-555003.72423;1764636.48357
185/SLEU;4890458.01473;3387826.00694;-2291647.03076
186/SLMS;-4797512.25191;-2337607.06523;3481069.72259
187/SLOM;3075023.52194;4510550.75957;3287611.56878
188/SLOR;-6198801.84061;277529.10854;1471065.67736
189/SMST;3699359.99913;-3822373.31445;3507585.7036
190/SMTG;-149386.35993;4219870.77583;4764322.15561
191/SNFD;-5107368.34882;978157.97468;3680831.20168
192/SNI1;-4646278.23223;-2631347.21992;3477113.67099
193/SODA;1091638.52323;2200146.45249;5866870.99546
194/SOFI;1868688.039;4319371.83888;4292064.05263
195/SOL1;-4871160.83679;1173608.52851;3933263.14485
196/SOLA;4192182.34;3992081.46436;2670424.19324
197/SOLO;2156887.7221;-5911340.14423;-1038663.61297
198/SOUF;-5397728.64689;2910909.58288;1751904.21758
199/SPBY;2498705.52698;-3988046.66865;-4290516.90304
200/SPK1;-4642434.66637;-2535992.26038;3552148.43121
201/SPLT;1311189.38287;4444024.75383;4368530.28452
202/SPMX;-4940155.10102;-2352721.51012;3271598.75598
203/SPT0;761910.47195;3328984.33062;5369033.85335
204/SQUO;4969335.9282;3083967.6622;2536225.40994
205/SRMP;-1528639.7455;1094652.38499;6074674.59945
206/SRS1;-4580896.33319;-2651739.53132;3546883.61722
207/SSA1;-3871158.70468;4863840.30416;-1422726.55663
208/SSAN;1399550.22039;-5981956.43156;-1709075.06727
209/SSIA;-6197785.55678;95567.10685;1500590.6371
210/STAS;321111.23632;3275753.42616;5445042.20605
211/STB1;-4528758.93089;212435.33731;4471353.75086
212/STFU;-4292605.28499;-2700404.36408;3855137.50863
213/STHL;-605827.82702;6104817.25454;-1740738.69597
214/STJ2;-3426832.79314;2612597.9302;4686757.21243
505/STJ3;-3426820.63611;2612588.52697;4686773.79217
215/STJO;-3426807.04222;2612630.827;4686757.98178
216/STK2;2861487.85679;-3642161.44207;4370351.22031
217/STKR;-4893798.28071;678450.14341;4020496.69824
218/STL3;-4990461.91269;21018.10008;3958770.78953
219/STNY;2856387.62792;-4111952.78038;-3938194.17698
220/STP1;-4569681.7676;-151856.21279;4432570.84733
221/STR1;2683039.47654;-4467103.16922;-3666948.7913
222/STR2;2683011.85129;-4467075.21784;-3667007.09387
223/STRL;-4846965.36585;1075999.4009;3990386.42101
224/STVI;-5487593.63903;2561887.1681;1994143.22896
225/SULP;1677559.41886;3765296.72804;4851297.53058
226/SUM5;-5117988.11965;-1135734.12752;3622616.79143
227/SUMK;4402617.54037;1262670.4154;4425403.86891
228/SUNM;2567554.53894;-5046794.40128;-2926027.11845
229/SUP2;-4452600.4367;227622.9033;4545971.45479
230/SUP3;-4400681.06632;345351.34121;4588713.78532
231/SUR4;1341058.88092;2959056.67204;5470427.11782
232/SUTB;-4205514.34815;-2609623.38509;4010439.70766
233/SUTH;1916054.4249;5041274.89612;-3397075.71243
234/SUTM;1916067.39089;5041190.27447;-3397189.16383
235/SUTV;1916054.42406;5041274.8936;-3397075.71262
236/SUVA;166617.0129;-6060677.28721;-1973760.94935
237/SUWN;4055447.85453;-3062023.24629;3841818.12549
238/SVTL;1562364.92462;2730155.08876;5529989.3804
239/SWAS;-275880.45456;3963403.38174;4972970.37714
240/SWTG;-374833.27786;3347545.00341;5398005.53802
241/SYDN;2560636.44905;-4648240.83316;-3526317.8318
242/SYOG;1460290.3176;1766207.93204;-5932297.65667
243/TABL;-4668098.88694;-2448550.37676;3582741.06441
244/TABV;-4668098.89001;-2448550.37756;3582741.06572
245/TAEJ;4086355.18021;-3120423.50355;3761769.38204
246/TAH1;-3077284.57713;-5246404.52591;-1913838.82322
247/TAH2;-3077284.57497;-5246404.52162;-1913838.82217
248/TAIW;4928936.46356;-3024782.71521;2681234.23322
249/TAKL;465847.58963;-5089176.05724;-3803541.34145
250/TALA;4489412.70799;1440489.38595;4283257.81605
251/TAMA;-94603.76702;6289725.44071;1051695.14645
252/TAMP;-5849358.24876;-807922.76779;2402967.64145
253/TANZ;4004007.54216;4908011.69714;-746405.24303
254/TARI;-504297.51612;5140808.07131;3728985.17832
255/TASH;4487138.65168;1695944.8231;4190140.74656
256/TBTG;-2975932.88272;-5047203.89971;-2511520.32922
257/TCMS;4966659.90892;-2982783.3341;2658809.32661
258/TCUN;-5079278.86074;-1229662.9638;3646288.49025
259/TDOU;2969624.62998;5064840.79293;-2485109.86903
260/TEGU;-6181024.97284;301697.5411;1542919.96402
261/TEHN;4049740.44357;3240498.91282;3701663.29697
262/TELA;3086141.07825;4443535.09505;3366854.48729
263/TERC;-2274180.88998;4434022.15378;3968280.28484
264/TERS;346994.29358;3798580.39602;5094781.13801
265/TERU;-95523.35957;4867391.31985;4108341.6765
266/TETN;-485505.80463;5171749.44174;3688771.17851
267/TFNO;-3385217.31519;-2451194.64251;4801784.81067
268/TGBF;446150.66358;3770680.17157;5107675.94561
269/TGBU;576950.13323;3701580.80666;5144738.23185
270/TGDA;557503.16498;3648811.80467;5184159.57919
271/TGDE;445365.11136;3358080.697;5386153.05614
272/TGEM;477454.36503;3786730.49486;5093051.87488
273/TGKN;467274.01047;3788864.96642;5092415.88299
274/TGME;531814.07914;3740164.93925;5121826.92442
275/TGRC;1355666.96151;4838808.85476;3914997.62084
276/TGWS;1419341.52459;-5985963.47101;-1678238.51215
277/THIO;1413597.4798;-5761811.66531;-2334211.93617
278/THTG;-3077260.62146;-5246415.28877;-1913841.79101
279/THTI;-3077259.29021;-5246416.11305;-1913841.74415
280/THU1;-1388714.89243;538980.93254;6181005.21913
281/THU2;-1389088.11942;538093.23191;6180979.34237
282/THU3;-1389088.11962;538093.23191;6180979.3443
283/TIBB;-4253049.75661;-2704027.11496;3895879.37291
284/TID1;2682557.08336;-4460996.92796;-3674442.67383
285/TID2;2682557.08891;-4460996.93455;-3674442.67913
286/TIDB;2682557.08299;-4460996.92623;-3674442.67285
287/TIDV;2682557.08032;-4460996.91356;-3674442.68867
288/TIMM;-1984531.70456;2182031.01773;5636567.57149
289/TIT2;450204.14187;3993787.08306;4936131.83076
290/TITZ;450206.95556;3993780.3998;4936137.04241
291/TIXG;1569455.7555;-1264873.47821;6031003.3855
292/TIXI;1569455.75524;-1264873.47837;6031003.38745
293/TIXJ;1569457.20982;-1264873.37589;6031003.05936
294/TJRN;-4551973.27302;-2642144.61686;3590870.13905
295/TLLG;-423480.95034;3797281.23925;5090130.41271
296/TLSE;119640.2922;4627851.65987;4372993.71933
297/TMGO;-4713015.44795;-1283387.96986;4090190.27167
298/TMSI;6193288.37401;-1517819.51334;143415.83529
299/TN01;-1569217.16665;5386836.34087;3023119.24375
300/TN22;-5188697.50249;419472.91404;3673388.65509
301/TNML;4966662.44387;-2982779.51892;2658805.59471
302/TOLF;986019.3391;4638873.10676;4251128.2551
303/TONG;-500148.61233;-5930303.52652;-2286366.24934
304/TOPL;-4690236.78343;4174345.59834;-1118921.18843
305/TORI;601634.60606;4472544.15987;4492545.36486
306/TORP;-4670259.58666;-2517894.87239;3527827.79573
307/TORS;-353362.06899;2979075.49052;5609834.95518
308/TOUL;119629.59602;4627845.84823;4372999.98713
309/TOW2;3275504.12051;-5054583.36493;-2091538.51682
310/TPW2;-3675721.57406;-2457743.14611;4581218.66887
311/TRAB;3084421.88887;3705250.04058;4162044.9159
312/TRAK;-4703110.43009;-2480029.66475;3511298.76962
313/TRDS;513486.21296;2820170.61012;5678936.09917
314/TREO;-1834790.77644;2082987.28817;5723297.96152
315/TRIE;1061504.83432;4333581.48278;4543010.80458
316/TRNT;-5401850.5279;2852496.73917;1827864.73526
317/TRO1;721619.59453;2102928.23666;5958196.37298
318/TROM;721569.59408;2102939.94771;5958192.27635
319/TRON;513486.23123;2820170.61211;5678936.09545
320/TSEA;-1545828.45258;-2666155.47795;5565470.21428
321/TSK2;3310231.00133;-3957184.88318;3737703.83717
322/TSKB;3310199.28592;-3957199.58117;3737711.5606
323/TUBI;2377865.96248;4211317.15968;4144663.41398
324/TUC2;2119412.04188;4744543.83169;3686258.70898
325/TUCU;-5171223.33772;2386117.23059;-2862948.98298
326/TUKT;-1643291.77105;-1532091.61306;5949315.84966
327/TUVA;88455.29646;-6307543.78279;-939277.61745
328/TVST;5304935.56462;-3187757.0016;1536648.51206
329/TWTF;4951309.06465;-2994428.56683;2674496.71497
330/TXAG;-5549068.16057;-526399.59776;3089794.83453
331/TXES;-5353724.67631;-644343.12408;3395215.16284
332/TXGA;-5545823.92219;-463029.05808;3105629.38133
333/TXGV;-5547993.4702;-464834.8857;3101495.89337
334/TXLU;-5209399.51794;-1092365.47863;3504137.63972
335/UBA1;-4146743.09942;4129567.81038;-2527616.30318
336/UCAL;-3664803.80392;-1641945.13403;4940009.23783
337/UCLP;-4650672.02828;-2519007.54431;3552862.92989
338/UCLU;-3416437.11249;-2440669.15969;4785136.80001
339/UCNF;-5506063.40901;1959617.63155;-2545789.85415
340/UCOM;-5838862.14827;-1499330.85783;2076330.53257
341/UCSB;-4568930.6598;-2621293.65624;3584356.94675
342/UCSF;-4260015.57256;-2709557.25378;3884773.38459
343/UEPP;-4620818.71922;3687624.33541;-2386880.11796
344/UFPR;-4365113.9339;3763751.68105;-2724404.49279
345/ULAB;4099404.32077;-1257408.96187;4707992.56148
346/ULDI;2930311.66942;4796680.87947;-3005435.62962
347/ULLA;-305570.63638;3384245.02849;5379585.46672
348/UMBC;-4812975.84241;1136717.07323;4014471.53441
349/UMSS;5695647.4509;-2791752.32454;666580.58618
350/UNB1;-4078238.71269;1761287.96546;4561418.02069
351/UNB3;-4078238.51274;1761287.88479;4561417.79811
352/UNBJ;-4078238.51522;1761287.88483;4561417.79925
353/UNBN;-4078238.51456;1761287.88493;4561417.79887
354/UNIP;-5946435.54706;-961121.18072;2096809.81977
355/UNIV;-4703239.11355;462323.30718;4269305.47035
356/UNPG;997822.68391;4555145.51012;4337432.90933
357/UNPM;-5953361.80703;325739.12884;2257796.98162
358/UNSA;-5271936.78729;2412830.46428;-2652208.8839
359/UNTR;1032367.09304;4590764.24026;4291666.64307
360/UNX3;2549952.67339;-4644465.34854;-3538929.02221
361/UPAD;923254.03589;4389530.90136;4519256.60484
362/UPO1;-2446031.27313;-5464032.03991;2193283.74531
363/UPTC;-4697260.56374;856680.26282;4215103.9233
364/URUM;4606851.27056;193030.19721;4393311.50868
365/URUS;-5595048.6954;2361785.56046;-1954576.57554
366/USC1;-4659952.94102;-2507565.20842;3548661.14715
367/USGC;-4807537.44154;-2353663.0204;3456827.2857
368/USLO;-4482166.95016;-2657201.49639;3666227.41404
369/USMX;-5215100.15059;-1865330.55052;3153548.17931
370/USN3;-4842853.53675;1112161.91599;3985496.04904
371/USN7;-4842854.66345;1112162.06953;3985497.07165
372/USNA;-4826883.35429;1160668.61293;3990863.10984
373/USNO;-4842955.02934;1112189.55768;3985352.29794
374/USUD;3427432.34735;-3855263.1953;3741020.26016
375/UVFM;-4943276.25803;988330.50648;3895144.83247
376/UZHL;1602428.92392;3907587.20566;4763783.88127
377/VAAS;1078264.20877;2699864.13166;5658065.09266
378/VACO;992104.87225;4062325.65064;4800911.41496
379/VACS;5047449.75086;3215946.90704;-2198718.16312
380/VAGP;-4942857.62761;1186732.10174;3839380.22847
381/VALD;-4167766.34919;919075.57759;4724323.64599
382/VALE;-29050.12596;4929533.66212;4033710.33002
383/VALN;-5080258.08427;1686528.59299;-3456620.82545
384/VALP;-5079964.43764;1687310.57753;-3456509.00684
385/VAN1;-4513292.0579;-2665275.63624;3622150.36997
386/VANU;1230704.67;-5950766.51335;-1931445.08486
387/VARS;1109719.34712;1844607.03379;5983936.24962
388/VATU;1261942.25884;-6017542.93964;-1691694.8672
389/VBCA;-4411744.05453;2319240.77348;-3966483.95709
390/VCAP;-4365534.88486;1369550.02491;4429096.77247
391/VCIO;-5095172.26192;-826818.30785;3734993.1498
392/VEN1;959292.50753;4379846.32904;4521100.51318
393/VENE;957496.14407;4379724.53028;4521605.42439
394/VESL;-99741.48439;2009329.92674;-6033158.38416
395/VFDG;-1072495.00801;1871345.43732;5983619.71783
396/VIC1;-5393806.19766;-86596.47461;3391546.62577
397/VIGO;-725204.54166;4677480.75987;4260827.5829
398/VIKH;-5499033.70409;2587868.73845;1928483.64238
399/VIL0;779138.31845;2620258.39269;5743799.6902
400/VILA;1230359.56845;-5951373.37049;-1929859.78781
401/VILL;-335048.7536;4849833.56649;4116015.11806
402/VIMS;-4902017.15124;1250692.39136;3871080.29949
403/VIS0;1077900.718;3246470.0288;5365278.23642
404/VITH;-5487279.71982;2562351.14677;1994491.41818
405/VLIS;249950.54284;3975804.76917;4964446.43642
406/VLNS;1580417.93922;3343600.34485;5179337.40521
407/VLUC;1283989.59402;4704470.40392;4097861.15263
408/VNAD;-2412230.46803;1163305.98276;-5769267.1663
409/VNCO;-4603942.17541;-2577030.59801;3571779.48621
410/VNDP;-4525436.90022;-2678090.56513;3597431.9837
411/VOIL;-5763685.41601;1838472.91959;2014028.6939
412/VOIM;4316070.32846;4054014.09012;-2365223.93586
413/VTIS;-4676543.717;-2517409.54136;3520010.49422
414/VTSP;-4434888.82224;1400223.908;4350424.86336
415/WAB2;566955.98066;4327318.19996;4636425.94869
416/WARE;370151.28165;4031946.99582;4911906.13165
417/WARK;477886.87753;-5115333.45156;-3767147.13762
418/WARN;784471.09525;3658785.57211;5147870.71823
419/WDC1;-4842857.90625;1112167.20105;3985484.15749
420/WDC3;-4842854.20219;1112160.01771;3985496.37792
421/WDC4;-4842854.19899;1112160.01645;3985496.37427
422/WDC5;-4842855.61008;1112158.63829;3985496.97522
423/WDC6;-4842855.60848;1112158.6377;3985496.9786
424/WDLM;-4522955.63251;-431415.07638;4461724.47598
425/WEIP;3838504.60927;-4899028.5029;-1390726.56761
426/WEL1;436877.51315;-4780787.37416;-4185258.45246
427/WEL2;436877.51384;-4780787.37228;-4185258.45357
428/WES2;-4458089.49847;1492233.02067;4296046.08436
429/WEST;679316.85301;-4717762.625;-4224935.05552
430/WETT;931853.11403;4075578.15802;4801570.27986
431/WEYB;75980.61955;3850873.11561;5066907.88484
432/WGTN;434270.52821;-4777269.8354;-4189483.99661
433/WGTT;436517.7421;-4779508.41923;-4186740.5919
434/WHC1;-4673486.84556;-2488199.62859;3544649.37635
435/WHD1;-3576426.45499;-2295685.15815;4740082.93871
436/WHI1;-4673655.14443;-2488634.73183;3544074.3294
437/WHIT;-2201205.12911;-2218338.18635;5543057.473
438/WHN0;490807.85075;-1016195.44078;-6258686.63643
439/WHNG;513057.48419;-5153430.87914;-3710655.54342
440/WHP1;-4359416.81974;384617.07111;4624497.80038
441/WHYT;-4707048.29118;-2465333.5259;3516603.99954
442/WIDC;-4745523.8496;-2354850.44929;3540693.13245
443/WIL1;-4656342.34159;1159634.87584;4188203.36906
444/WILL;-3313873.00538;-2084258.39301;5019852.96372
445/WIND;1732018.00954;5633708.79435;-2433985.51868
446/WINT;-4281187.6284;-2689810.35193;3874973.59236
447/WIS1;-4379009.12658;-154082.76818;4619457.44933
448/WLAD;1164350.41112;3496344.50422;5188401.97407
449/WLPS;-4875636.51837;1263659.85681;3899914.54766
450/WLSN;-4660072.60083;-2483641.25707;3568172.29947
451/WMOK;-5185936.38227;-801020.65507;3614276.15987
452/WNFL;-5413758.63222;-263063.97162;3350797.63444
453/WOOL;2567555.04385;-5046789.06702;-2926033.55234
454/WRHS;-4657280.45961;-2521083.46445;3542601.89041
455/WROC;1177250.18066;3835751.05236;4941605.3728
456/WSLR;-3439649.15068;-2227013.92536;4872522.13131
457/WSMN;-5173006.24806;-1517578.01367;3399278.59888
458/WSRT;443305.18117;3828735.65577;5064884.86204
459/WTZ2;931822.57023;4075534.95996;4801609.15281
460/WTZA;931853.04159;4075578.13768;4801570.17314
461/WTZJ;931855.60914;4075579.65102;4801568.39321
462/WTZL;931854.34629;4075577.69019;4801570.3031
463/WTZR;931854.03785;4075580.31627;4801568.26575
464/WTZS;931822.56897;4075534.95369;4801609.14939
465/WTZT;931855.66418;4075577.25711;4801570.43849
466/WTZZ;931853.35419;4075579.20068;4801569.17897
467/WUH2;5009154.52801;-2267750.09718;3221294.40524
468/WUHN;5009154.16848;-2267749.89407;3221290.56854
469/XCTY;-5508488.6754;665804.79683;3134878.09588
470/XIAN;4976839.811;-1735213.35907;3580537.85737
471/XMIS;6039590.00013;-1696344.72106;-1149275.12938
472/YAIG;-5963484.84684;-951666.3878;2049360.7518
473/YAKT;2308241.45402;-1914999.25249;5610225.48766
474/YAKZ;2308213.06575;-1915023.66825;5610224.92084
475/YAR1;5043317.03481;-2389026.57581;-3078529.59383
476/YAR2;5043317.04541;-2389026.57383;-3078529.59748
477/YAR3;5043313.57382;-2389043.72945;-3078524.43377
478/YARR;5043315.52939;-2389025.53841;-3078533.01891
479/YBHB;-4011576.32634;-2576448.05294;4224116.94523
480/YCBA;-5303044.81824;2623233.41769;-2376415.90207
481/YEBE;-261631.93691;4848724.56657;4123094.32597
482/YEL2;-2689174.69904;-1224442.13114;5633660.39278
483/YELL;-2689216.21628;-1224452.95754;5633638.2987
484/YESX;-5313763.757;-1821343.11233;3014176.36874
485/YIBL;4905092.55151;3294552.2526;2393580.10386
486/YKRO;-578380.56319;6306439.97082;757956.68619
487/YOU1;-4568460.49215;890487.14211;4346297.75703
488/YRCM;3133520.05407;4487075.70183;3265358.24748
489/YSSK;2638269.3058;-3465321.15506;4644085.31125
490/ZAMB;2917210.17572;5415352.94786;-1685888.61642
491/ZECK;3060335.63584;3451174.38788;4391955.77473
492/ZEEB;223465.70089;3986703.39126;4957021.01581
493/ZHN1;-2234492.74781;-5508636.78432;2303722.24638
494/ZIM2;567537.57642;4331299.67654;4633133.87522
495/ZIM3;567537.5767;4331299.67906;4633133.88293
496/ZIMJ;567542.38352;4331293.72406;4633135.88403
497/ZIMM;567556.13173;4331296.86824;4633134.09992
498/ZNZB;4008524.04224;4913059.29998;-686287.15504
499/ZOUF;986659.69534;4282709.81699;4609469.96096
500/ZSU1;-5529371.07708;2462589.23821;2003724.58095
501/ZWE2;2155987.74358;2886335.54833;5245818.90077
502/ZWEN;2155998.66691;2886325.04764;5245816.2589
